
               0                0 
  2.2675737e-005    0.12133789063 
  4.5351474e-005    0.24072265625 
  6.8027211e-005    0.35632324219 
  9.0702948e-005    0.46618652344 
   0.00011337868    0.56884765625 
   0.00013605442     0.6623840332 
   0.00015873016    0.74578857422 
    0.0001814059    0.81747436523 
   0.00020408163      0.876953125 
   0.00022675737    0.92282104492 
   0.00024943311    0.95538330078 
   0.00027210884    0.97372436523 
   0.00029478458     0.9782409668 
   0.00031746032    0.96932983398 
   0.00034013605    0.94708251953 
   0.00036281179    0.91287231445 
   0.00038548753        0.8671875 
   0.00040816327    0.81158447266 
     0.000430839    0.74725341797 
   0.00045351474    0.67575073242 
   0.00047619048    0.59866333008 
   0.00049886621    0.51779174805 
   0.00052154195    0.43460083008 
   0.00054421769    0.35122680664 
   0.00056689342     0.2688293457 
   0.00058956916    0.18954467773 
    0.0006122449    0.11441040039 
   0.00063492063   0.045104980469 
   0.00065759637  -0.017242431641 
   0.00068027211  -0.071716308594 
   0.00070294785   -0.11737060547 
   0.00072562358   -0.15380859375 
   0.00074829932   -0.18051147461 
   0.00077097506   -0.19744873047 
   0.00079365079   -0.20477294922 
   0.00081632653   -0.20278930664 
   0.00083900227   -0.19223022461 
     0.000861678   -0.17367553711 
   0.00088435374   -0.14828491211 
   0.00090702948       -0.1171875 
   0.00092970522   -0.08154296875 
   0.00095238095  -0.042999267578 
   0.00097505669  -0.0026550292969 
   0.00099773243   0.037658691406 
    0.0010204082   0.076538085938 
    0.0010430839    0.11279296875 
    0.0010657596    0.14431762695 
    0.0010884354    0.17083740234 
    0.0011111111    0.19006347656 
    0.0011337868    0.20193481445 
    0.0011564626    0.20501708984 
    0.0011791383    0.19897460938 
    0.0012018141     0.1833190918 
    0.0012244898     0.1579284668 
    0.0012471655    0.12274169922 
    0.0012698413   0.078308105469 
     0.001292517   0.024963378906 
    0.0013151927  -0.036437988281 
    0.0013378685   -0.10482788086 
    0.0013605442   -0.17926025391 
      0.00138322   -0.25811767578 
    0.0014058957   -0.34017944336 
    0.0014285714   -0.42349243164 
    0.0014512472   -0.50686645508 
    0.0014739229   -0.58807373047 
    0.0014965986   -0.66580200195 
    0.0015192744   -0.73818969727 
    0.0015419501   -0.80340576172 
    0.0015646259   -0.86044311523 
    0.0015873016   -0.90737915039 
    0.0016099773   -0.94326782227 
    0.0016326531   -0.96710205078 
    0.0016553288   -0.97778320313 
    0.0016780045   -0.97521972656 
    0.0017006803   -0.95846557617 
     0.001723356   -0.92813110352 
    0.0017460317   -0.88363647461 
    0.0017687075   -0.82626342773 
    0.0017913832     -0.755859375 
     0.001814059   -0.67422485352 
    0.0018367347   -0.58166503906 
    0.0018594104   -0.48040771484 
    0.0018820862   -0.37121582031 
    0.0019047619   -0.25634765625 
    0.0019274376   -0.13735961914 
    0.0019501134  -0.016143798828 
    0.0019727891    0.10531616211 
    0.0019954649    0.22497558594 
    0.0020181406    0.34133911133 
    0.0020408163    0.45190429688 
    0.0020634921    0.55575561523 
    0.0020861678    0.65051269531 
    0.0021088435    0.73532104492 
    0.0021315193    0.80874633789 
     0.002154195    0.86962890625 
    0.0021768707     0.9176940918 
    0.0021995465    0.95172119141 
    0.0022222222    0.97213745117 
     0.002244898    0.97848510742 
    0.0022675737    0.97119140625 
    0.0022902494    0.95080566406 
    0.0023129252    0.91809082031 
    0.0023356009    0.87380981445 
    0.0023582766     0.8196105957 
    0.0023809524    0.75610351563 
    0.0024036281    0.68569946289 
    0.0024263039     0.6091003418 
    0.0024489796    0.52874755859 
    0.0024716553    0.44570922852 
    0.0024943311    0.36221313477 
    0.0025170068    0.27969360352 
    0.0025396825    0.19976806641 
    0.0025623583    0.12417602539 
     0.002585034   0.053894042969 
    0.0026077098  -0.0093688964844 
    0.0026303855  -0.064971923828 
    0.0026530612   -0.11187744141 
     0.002675737   -0.14947509766 
    0.0026984127   -0.17755126953 
    0.0027210884   -0.19577026367 
    0.0027437642   -0.20428466797 
    0.0027664399   -0.20364379883 
    0.0027891156   -0.19403076172 
    0.0028117914   -0.17660522461 
    0.0028344671   -0.15200805664 
    0.0028571429   -0.12158203125 
    0.0028798186  -0.086547851563 
    0.0029024943  -0.048156738281 
    0.0029251701  -0.0081176757813 
    0.0029478458   0.032409667969 
    0.0029705215   0.071502685547 
    0.0029931973     0.1081237793 
     0.003015873    0.14050292969 
    0.0030385488    0.16760253906 
    0.0030612245    0.18801879883 
    0.0030839002    0.20077514648 
     0.003106576    0.20516967773 
    0.0031292517    0.20028686523 
    0.0031519274    0.18597412109 
    0.0031746032    0.16180419922 
    0.0031972789    0.12802124023 
    0.0032199546   0.084747314453 
    0.0032426304   0.032440185547 
    0.0032653061  -0.027679443359 
    0.0032879819  -0.095611572266 
    0.0033106576   -0.16888427734 
    0.0033333333   -0.24758911133 
    0.0033560091   -0.32904052734 
    0.0033786848   -0.41247558594 
    0.0034013605   -0.49578857422 
    0.0034240363   -0.57754516602 
     0.003446712   -0.65570068359 
    0.0034693878   -0.72894287109 
    0.0034920635   -0.79522705078 
    0.0035147392   -0.85336303711 
     0.003537415   -0.90179443359 
    0.0035600907    -0.9391784668 
    0.0035827664   -0.96463012695 
    0.0036054422   -0.97720336914 
    0.0036281179   -0.97625732422 
    0.0036507937   -0.96157836914 
    0.0036734694   -0.93292236328 
    0.0036961451    -0.8903503418 
    0.0037188209   -0.83459472656 
    0.0037414966   -0.76596069336 
    0.0037641723   -0.68560791016 
    0.0037868481   -0.59463500977 
    0.0038095238   -0.49420166016 
    0.0038321995   -0.38619995117 
    0.0038548753   -0.27182006836 
     0.003877551   -0.15335083008 
    0.0039002268  -0.032287597656 
    0.0039229025   0.089202880859 
    0.0039455782    0.20928955078 
     0.003968254    0.32611083984 
    0.0039909297    0.43768310547 
    0.0040136054    0.54232788086 
    0.0040362812    0.63854980469 
    0.0040589569    0.72463989258 
    0.0040816327    0.79971313477 
    0.0041043084    0.86227416992 
    0.0041269841    0.91213989258 
    0.0041496599    0.94793701172 
    0.0041723356    0.97030639648 
    0.0041950113    0.97836303711 
    0.0042176871     0.9729309082 
    0.0042403628    0.95431518555 
    0.0042630385    0.92303466797 
    0.0042857143    0.88040161133 
      0.00430839    0.82723999023 
    0.0043310658    0.76510620117 
    0.0043537415    0.69534301758 
    0.0043764172    0.61959838867 
     0.004399093    0.53955078125 
    0.0044217687    0.45681762695 
    0.0044444444     0.3733215332 
    0.0044671202    0.29046630859 
    0.0044897959    0.21026611328 
    0.0045124717    0.13381958008 
    0.0045351474    0.06298828125 
    0.0045578231  -0.0015258789063 
    0.0045804989  -0.057983398438 
    0.0046031746   -0.10623168945 
    0.0046258503   -0.14498901367 
    0.0046485261   -0.17437744141 
    0.0046712018   -0.19390869141 
    0.0046938776   -0.20373535156 
    0.0047165533   -0.20425415039 
     0.004739229   -0.19573974609 
    0.0047619048   -0.17938232422 
    0.0047845805   -0.15560913086 
    0.0048072562   -0.12594604492 
     0.004829932  -0.091400146484 
    0.0048526077  -0.053405761719 
    0.0048752834  -0.013458251953 
    0.0048979592   0.026977539063 
    0.0049206349   0.066528320313 
    0.0049433107    0.10339355469 
    0.0049659864    0.13656616211 
    0.0049886621     0.1643371582 
    0.0050113379    0.18563842773 
    0.0050340136    0.19967651367 
    0.0050566893    0.20498657227 
    0.0050793651    0.20156860352 
    0.0051020408    0.18838500977 
    0.0051247166    0.16561889648 
    0.0051473923    0.13302612305 
     0.005170068   0.091033935547 
    0.0051927438   0.039916992188 
    0.0052154195  -0.019348144531 
    0.0052380952  -0.086120605469 
     0.005260771   -0.15893554688 
    0.0052834467   -0.23684692383 
    0.0053061224    -0.3180847168 
    0.0053287982   -0.40142822266 
    0.0053514739   -0.48471069336 
    0.0053741497   -0.56692504883 
    0.0053968254   -0.64547729492 
    0.0054195011   -0.71966552734 
    0.0054421769   -0.78680419922 
    0.0054648526   -0.84622192383 
    0.0054875283   -0.89596557617 
    0.0055102041   -0.93481445313 
    0.0055328798   -0.96206665039 
    0.0055555556   -0.97619628906 
    0.0055782313   -0.97729492188 
     0.005600907   -0.96426391602 
    0.0056235828   -0.93753051758 
    0.0056462585   -0.89678955078 
    0.0056689342   -0.84274291992 
      0.00569161   -0.77578735352 
    0.0057142857   -0.69692993164 
    0.0057369615   -0.60723876953 
    0.0057596372   -0.50811767578 
    0.0057823129   -0.40081787109 
    0.0058049887    -0.2873840332 
    0.0058276644    -0.1692199707 
    0.0058503401  -0.048461914063 
    0.0058730159   0.073120117188 
    0.0058956916    0.19348144531 
    0.0059183673    0.31088256836 
    0.0059410431    0.42318725586 
    0.0059637188    0.52890014648 
    0.0059863946    0.62634277344 
    0.0060090703    0.71377563477 
     0.006031746    0.79049682617 
    0.0060544218    0.85467529297 
    0.0060770975          0.90625 
    0.0060997732    0.94403076172 
     0.006122449    0.96807861328 
    0.0061451247    0.97811889648 
    0.0061678005    0.97448730469 
    0.0061904762    0.95742797852 
    0.0062131519    0.92797851563 
    0.0062358277    0.88659667969 
    0.0062585034    0.83493041992 
    0.0062811791    0.77374267578 
    0.0063038549    0.70510864258 
    0.0063265306    0.62979125977 
    0.0063492063    0.55053710938 
    0.0063718821     0.4677734375 
    0.0063945578    0.38446044922 
    0.0064172336    0.30136108398 
    0.0064399093      0.220703125 
     0.006462585    0.14370727539 
    0.0064852608   0.071990966797 
    0.0065079365  0.0066833496094 
    0.0065306122  -0.050994873047 
     0.006553288    -0.1003112793 
    0.0065759637   -0.14038085938 
    0.0065986395   -0.17111206055 
    0.0066213152   -0.19180297852 
    0.0066439909   -0.20303344727 
    0.0066666667   -0.20465087891 
    0.0066893424   -0.19738769531 
    0.0067120181   -0.18200683594 
    0.0067346939   -0.15911865234 
    0.0067573696   -0.13021850586 
    0.0067800454  -0.096160888672 
    0.0068027211  -0.058654785156 
    0.0068253968  -0.018798828125 
    0.0068480726   0.021606445313 
    0.0068707483   0.061431884766 
     0.006893424   0.098663330078 
    0.0069160998    0.13244628906 
    0.0069387755    0.16094970703 
    0.0069614512    0.18328857422 
     0.006984127     0.1982421875 
    0.0070068027     0.2048034668 
    0.0070294785    0.20254516602 
    0.0070521542     0.1907043457 
    0.0070748299     0.1692199707 
    0.0070975057    0.13787841797 
    0.0071201814   0.097198486328 
    0.0071428571   0.047088623047 
    0.0071655329  -0.010894775391 
    0.0071882086  -0.076965332031 
    0.0072108844   -0.14889526367 
    0.0072335601   -0.22625732422 
    0.0072562358   -0.30725097656 
    0.0072789116   -0.39016723633 
    0.0073015873   -0.47381591797 
     0.007324263   -0.55606079102 
    0.0073469388   -0.63537597656 
    0.0073696145   -0.71005249023 
    0.0073922902   -0.77841186523 
     0.007414966   -0.83880615234 
    0.0074376417    -0.8899230957 
    0.0074603175    -0.9303894043 
    0.0074829932   -0.95907592773 
    0.0075056689   -0.97515869141 
    0.0075283447   -0.97787475586 
    0.0075510204   -0.96682739258 
    0.0075736961   -0.94186401367 
    0.0075963719   -0.90298461914 
    0.0076190476   -0.85070800781 
    0.0076417234   -0.78530883789 
    0.0076643991   -0.70816040039 
    0.0076870748   -0.61965942383 
    0.0077097506   -0.52182006836 
    0.0077324263   -0.41537475586 
     0.007755102   -0.30285644531 
    0.0077777778   -0.18505859375 
    0.0078004535  -0.064605712891 
    0.0078231293   0.056945800781 
     0.007845805    0.17776489258 
    0.0078684807    0.29541015625 
    0.0078911565    0.40869140625 
    0.0079138322    0.51528930664 
    0.0079365079    0.61389160156 
    0.0079591837     0.7028503418 
    0.0079818594    0.78091430664 
    0.0080045351    0.84692382813 
    0.0080272109    0.90014648438 
    0.0080498866    0.93981933594 
    0.0080725624    0.96569824219 
    0.0080952381    0.97760009766 
    0.0081179138    0.97570800781 
    0.0081405896    0.96044921875 
    0.0081632653    0.93255615234 
     0.008185941    0.89276123047 
    0.0082086168    0.84231567383 
    0.0082312925    0.78244018555 
    0.0082539683    0.71447753906 
     0.008276644    0.64025878906 
    0.0082993197    0.56106567383 
    0.0083219955    0.47903442383 
    0.0083446712    0.39541625977 
    0.0083673469    0.31237792969 
    0.0083900227     0.2311706543 
    0.0084126984    0.15371704102 
    0.0084353741   0.081115722656 
    0.0084580499   0.015014648438 
    0.0084807256  -0.043884277344 
    0.0085034014  -0.094177246094 
    0.0085260771    -0.1357421875 
    0.0085487528   -0.16744995117 
    0.0085714286   -0.18969726563 
    0.0085941043   -0.20205688477 
      0.00861678   -0.20495605469 
    0.0086394558   -0.19891357422 
    0.0086621315   -0.18438720703 
    0.0086848073   -0.16262817383 
     0.008707483   -0.13433837891 
    0.0087301587   -0.10092163086 
    0.0087528345  -0.063842773438 
    0.0087755102  -0.024108886719 
    0.0087981859   0.016265869141 
    0.0088208617    0.05615234375 
    0.0088435374   0.093994140625 
    0.0088662132    0.12814331055 
    0.0088888889    0.15756225586 
    0.0089115646    0.18069458008 
    0.0089342404    0.19671630859 
    0.0089569161    0.20443725586 
    0.0089795918     0.2033996582 
    0.0090022676    0.19281005859 
    0.0090249433    0.17266845703 
     0.009047619      0.142578125 
    0.0090702948    0.10311889648 
    0.0090929705   0.054290771484 
    0.0091156463  -0.0028076171875 
     0.009138322  -0.067718505859 
    0.0091609977   -0.13906860352 
    0.0091836735   -0.21572875977 
    0.0092063492   -0.29632568359 
    0.0092290249   -0.37908935547 
    0.0092517007   -0.46276855469 
    0.0092743764   -0.54522705078 
    0.0092970522   -0.62512207031 
    0.0093197279   -0.70043945313 
    0.0093424036   -0.76974487305 
    0.0093650794   -0.83129882813 
    0.0093877551   -0.88372802734 
    0.0094104308   -0.92568969727 
    0.0094331066   -0.95593261719 
    0.0094557823   -0.97384643555 
     0.009478458    -0.9782409668 
    0.0095011338   -0.96914672852 
    0.0095238095   -0.94595336914 
    0.0095464853   -0.90896606445 
     0.009569161   -0.85836791992 
    0.0095918367   -0.79476928711 
    0.0096145125   -0.71899414063 
    0.0096371882   -0.63208007813 
    0.0096598639   -0.53521728516 
    0.0096825397   -0.43008422852 
    0.0097052154   -0.31796264648 
    0.0097278912   -0.20098876953 
    0.0097505669  -0.080718994141 
    0.0097732426   0.040924072266 
    0.0097959184    0.16168212891 
    0.0098185941    0.28015136719 
    0.0098412698    0.39389038086 
    0.0098639456    0.50161743164 
    0.0098866213     0.6012878418 
    0.0099092971    0.69165039063 
    0.0099319728     0.7712097168 
    0.0099546485     0.8388671875 
    0.0099773243    0.89389038086 
            0.01    0.93530273438 
     0.010022676    0.96307373047 
     0.010045351    0.97677612305 
     0.010068027    0.97680664063 
     0.010090703     0.9631652832 
     0.010113379    0.93704223633 
     0.010136054    0.89862060547 
      0.01015873      0.849609375 
     0.010181406    0.79089355469 
     0.010204082    0.72387695313 
     0.010226757    0.65048217773 
     0.010249433    0.57177734375 
     0.010272109    0.49002075195 
     0.010294785    0.40661621094 
      0.01031746    0.32321166992 
     0.010340136    0.24188232422 
     0.010362812    0.16369628906 
     0.010385488   0.090454101563 
     0.010408163   0.023376464844 
     0.010430839  -0.036529541016 
     0.010453515  -0.088043212891 
      0.01047619   -0.13067626953 
     0.010498866   -0.16387939453 
     0.010521542   -0.18725585938 
     0.010544218   -0.20098876953 
     0.010566893   -0.20510864258 
     0.010589569   -0.20016479492 
     0.010612245   -0.18685913086 
     0.010634921   -0.16580200195 
     0.010657596   -0.13848876953 
     0.010680272   -0.10559082031 
     0.010702948  -0.068908691406 
     0.010725624  -0.029479980469 
     0.010748299   0.010864257813 
     0.010770975   0.051025390625 
     0.010793651   0.089050292969 
     0.010816327    0.12396240234 
     0.010839002    0.15393066406 
     0.010861678    0.17803955078 
     0.010884354    0.19497680664 
     0.010907029    0.20401000977 
     0.010929705    0.20394897461 
     0.010952381    0.19491577148 
     0.010975057    0.17575073242 
     0.010997732    0.14724731445 
     0.011020408    0.10885620117 
     0.011043084   0.061279296875 
      0.01106576  0.0052490234375 
     0.011088435  -0.058715820313 
     0.011111111   -0.12924194336 
     0.011133787   -0.20532226563 
     0.011156463   -0.28540039063 
     0.011179138   -0.36807250977 
     0.011201814   -0.45162963867 
      0.01122449   -0.53442382813 
     0.011247166   -0.61471557617 
     0.011269841   -0.69079589844 
     0.011292517   -0.76089477539 
     0.011315193   -0.82366943359 
     0.011337868   -0.87731933594 
     0.011360544   -0.92074584961 
      0.01138322   -0.95269775391 
     0.011405896   -0.97210693359 
     0.011428571   -0.97854614258 
     0.011451247   -0.97103881836 
     0.011473923   -0.94995117188 
     0.011496599   -0.91458129883 
     0.011519274   -0.86590576172 
      0.01154195   -0.80395507813 
     0.011564626   -0.72964477539 
     0.011587302    -0.6442565918 
     0.011609977   -0.54861450195 
     0.011632653   -0.44445800781 
     0.011655329   -0.33325195313 
     0.011678005   -0.21667480469 
      0.01170068  -0.096801757813 
     0.011723356   0.024688720703 
     0.011746032    0.14584350586 
     0.011768707    0.26452636719 
     0.011791383    0.37921142578 
     0.011814059    0.48764038086 
     0.011836735    0.58865356445 
      0.01185941    0.68014526367 
     0.011882086    0.76138305664 
     0.011904762    0.83056640625 
     0.011927438    0.88732910156 
     0.011950113    0.93063354492 
     0.011972789    0.96014404297 
     0.011995465    0.97583007813 
     0.012018141    0.97747802734 
     0.012040816    0.96588134766 
     0.012063492    0.94104003906 
     0.012086168    0.90454101563 
     0.012108844    0.85659790039 
     0.012131519    0.79925537109 
     0.012154195    0.73315429688 
     0.012176871    0.66061401367 
     0.012199546    0.58236694336 
     0.012222222    0.50109863281 
     0.012244898    0.41763305664 
     0.012267574     0.3342590332 
     0.012290249    0.25256347656 
     0.012312925    0.17373657227 
     0.012335601   0.099945068359 
     0.012358277   0.031799316406 
     0.012380952  -0.028961181641 
     0.012403628  -0.081726074219 
     0.012426304   -0.12554931641 
      0.01244898   -0.16003417969 
     0.012471655   -0.18469238281 
     0.012494331   -0.19973754883 
     0.012517007     -0.205078125 
     0.012539683   -0.20138549805 
     0.012562358   -0.18899536133 
     0.012585034   -0.16909790039 
      0.01260771   -0.14233398438 
     0.012630385    -0.1103515625 
     0.012653061  -0.073822021484 
     0.012675737  -0.034973144531 
     0.012698413  0.0056762695313 
     0.012721088   0.045623779297 
     0.012743764   0.084259033203 
      0.01276644    0.11953735352 
     0.012789116    0.15023803711 
     0.012811791    0.17529296875 
     0.012834467    0.19314575195 
     0.012857143    0.20327758789 
     0.012879819    0.20455932617 
     0.012902494     0.1965637207 
      0.01292517    0.17895507813 
     0.012947846    0.15158081055 
     0.012970522    0.11437988281 
     0.012993197   0.068298339844 
     0.013015873   0.012969970703 
     0.013038549  -0.049652099609 
     0.013061224   -0.11962890625 
       0.0130839   -0.19491577148 
     0.013106576   -0.27459716797 
     0.013129252   -0.35699462891 
     0.013151927   -0.44052124023 
     0.013174603   -0.52359008789 
     0.013197279    -0.6042175293 
     0.013219955   -0.68096923828 
      0.01324263   -0.75201416016 
     0.013265306   -0.81582641602 
     0.013287982   -0.87069702148 
     0.013310658   -0.91571044922 
     0.013333333   -0.94903564453 
     0.013356009   -0.97036743164 
     0.013378685   -0.97839355469 
     0.013401361    -0.9729309082 
     0.013424036   -0.95346069336 
     0.013446712   -0.92010498047 
     0.013469388   -0.87319946289 
     0.013492063   -0.81274414063 
     0.013514739   -0.74041748047 
     0.013537415   -0.65606689453 
     0.013560091   -0.56185913086 
     0.013582766   -0.45877075195 
     0.013605442   -0.34829711914 
     0.013628118   -0.23245239258 
     0.013650794   -0.11288452148 
     0.013673469  0.0086364746094 
     0.013696145    0.12973022461 
     0.013718821    0.24908447266 
     0.013741497    0.36413574219 
     0.013764172    0.47381591797 
     0.013786848    0.57556152344 
     0.013809524    0.66876220703 
       0.0138322    0.75106811523 
     0.013854875    0.82220458984 
     0.013877551    0.88052368164 
     0.013900227    0.92559814453 
     0.013922902    0.95715332031 
     0.013945578    0.97439575195 
     0.013968254    0.97817993164 
      0.01399093    0.96807861328 
     0.014013605    0.94515991211 
     0.014036281    0.90994262695 
     0.014058957    0.86364746094 
     0.014081633    0.80725097656 
     0.014104308    0.74252319336 
     0.014126984    0.67044067383 
      0.01414966    0.59310913086 
     0.014172336     0.5119934082 
     0.014195011     0.4287109375 
     0.014217687    0.34539794922 
     0.014240363    0.26312255859 
     0.014263039    0.18411254883 
     0.014285714    0.10928344727 
      0.01430839   0.040588378906 
     0.014331066  -0.021453857422 
     0.014353741  -0.075103759766 
     0.014376417   -0.12036132813 
     0.014399093   -0.15594482422 
     0.014421769   -0.18200683594 
     0.014444444   -0.19833374023 
      0.01446712   -0.20483398438 
     0.014489796   -0.20245361328 
     0.014512472   -0.19104003906 
     0.014535147   -0.17221069336 
     0.014557823   -0.14617919922 
     0.014580499   -0.11489868164 
     0.014603175  -0.078857421875 
      0.01462585  -0.040222167969 
     0.014648526  0.00021362304688 
     0.014671202   0.040435791016 
     0.014693878   0.079254150391 
     0.014716553    0.11502075195 
     0.014739229    0.14657592773 
     0.014761905    0.17224121094 
      0.01478458    0.19128417969 
     0.014807256     0.2024230957 
     0.014829932    0.20483398438 
     0.014852608     0.1982421875 
     0.014875283    0.18185424805 
     0.014897959    0.15570068359 
     0.014920635    0.12002563477 
     0.014943311   0.074737548828 
     0.014965986   0.020965576172 
     0.014988662     -0.041015625 
     0.015011338   -0.10995483398 
     0.015034014   -0.18463134766 
     0.015056689   -0.26385498047 
     0.015079365   -0.34594726563 
     0.015102041   -0.42938232422 
     0.015124717    -0.5126953125 
     0.015147392   -0.59365844727 
     0.015170068   -0.67114257813 
     0.015192744    -0.7428894043 
      0.01521542   -0.80786132813 
     0.015238095    -0.8639831543 
     0.015260771   -0.91030883789 
     0.015283447   -0.94537353516 
     0.015306122   -0.96817016602 
     0.015328798   -0.97821044922 
     0.015351474   -0.97436523438 
      0.01537415   -0.95690917969 
     0.015396825   -0.92532348633 
     0.015419501   -0.88012695313 
     0.015442177   -0.82165527344 
     0.015464853   -0.75054931641 
     0.015487528   -0.66799926758 
     0.015510204   -0.57485961914 
      0.01553288    -0.4729309082 
     0.015555556   -0.36331176758 
     0.015578231   -0.24810791016 
     0.015600907   -0.12887573242 
     0.015623583  -0.0075988769531 
     0.015646259    0.11376953125 
     0.015668934     0.2333984375 
      0.01569161    0.34921264648 
     0.015714286    0.45953369141 
     0.015736961    0.56268310547 
     0.015759637    0.65679931641 
     0.015782313    0.74090576172 
     0.015804989    0.81341552734 
     0.015827664    0.87347412109 
      0.01585034    0.92050170898 
     0.015873016    0.95367431641 
     0.015895692    0.97299194336 
     0.015918367    0.97842407227 
     0.015941043    0.97015380859 
     0.015963719     0.9489440918 
     0.015986395    0.91528320313 
      0.01600907     0.8703918457 
     0.016031746    0.81533813477 
     0.016054422    0.75146484375 
     0.016077098     0.6803894043 
     0.016099773    0.60366821289 
     0.016122449    0.52282714844 
     0.016145125    0.43997192383 
       0.0161678    0.35632324219 
     0.016190476    0.27392578125 
     0.016213152    0.19439697266 
     0.016235828    0.11892700195 
     0.016258503   0.049285888672 
     0.016281179  -0.013549804688 
     0.016303855  -0.068634033203 
     0.016326531   -0.11471557617 
     0.016349206   -0.15185546875 
     0.016371882   -0.17910766602 
     0.016394558   -0.19665527344 
     0.016417234   -0.20465087891 
     0.016439909        -0.203125 
     0.016462585   -0.19314575195 
     0.016485261   -0.17501831055 
     0.016507937    -0.1501159668 
     0.016530612   -0.11920166016 
     0.016553288  -0.083953857422 
     0.016575964  -0.045379638672 
     0.016598639  -0.0052490234375 
     0.016621315   0.035125732422 
     0.016643991   0.074279785156 
     0.016666667    0.11050415039 
     0.016689342    0.14263916016 
     0.016712018    0.16925048828 
     0.016734694    0.18911743164 
      0.01675737     0.2014465332 
     0.016780045      0.205078125 
     0.016802721    0.19961547852 
     0.016825397    0.18463134766 
     0.016848073    0.15969848633 
     0.016870748    0.12533569336 
     0.016893424   0.081237792969 
       0.0169161   0.028656005859 
     0.016938776  -0.032470703125 
     0.016961451    -0.1003112793 
     0.016984127   -0.17449951172 
     0.017006803   -0.25308227539 
     0.017029478    -0.3349609375 
     0.017052154   -0.41830444336 
      0.01707483   -0.50170898438 
     0.017097506   -0.58297729492 
     0.017120181   -0.66122436523 
     0.017142857   -0.73370361328 
     0.017165533   -0.79971313477 
     0.017188209   -0.85708618164 
     0.017210884   -0.90472412109 
      0.01723356      -0.94140625 
     0.017256236   -0.96594238281 
     0.017278912   -0.97756958008 
     0.017301587   -0.97570800781 
     0.017324263   -0.96002197266 
     0.017346939   -0.93032836914 
     0.017369615   -0.88690185547 
      0.01739229   -0.83016967773 
     0.017414966   -0.76062011719 
     0.017437642       -0.6796875 
     0.017460317   -0.58770751953 
     0.017482993   -0.48696899414 
     0.017505669   -0.37823486328 
     0.017528345     -0.263671875 
      0.01755102   -0.14486694336 
     0.017573696  -0.023773193359 
     0.017596372   0.097778320313 
     0.017619048    0.21759033203 
     0.017641723    0.33416748047 
     0.017664399    0.44525146484 
     0.017687075    0.54943847656 
     0.017709751    0.64489746094 
     0.017732426    0.73037719727 
     0.017755102    0.80444335938 
     0.017777778    0.86630249023 
     0.017800454    0.91497802734 
     0.017823129    0.95010375977 
     0.017845805    0.97122192383 
     0.017868481    0.97848510742 
     0.017891156    0.97207641602 
     0.017913832     0.9524230957 
     0.017936508    0.92050170898 
     0.017959184    0.87692260742 
     0.017981859    0.82318115234 
     0.018004535    0.76043701172 
     0.018027211     0.6901550293 
     0.018049887    0.61416625977 
     0.018072562    0.53369140625 
     0.018095238    0.45108032227 
     0.018117914    0.36734008789 
      0.01814059    0.28482055664 
     0.018163265    0.20468139648 
     0.018185941    0.12866210938 
     0.018208617   0.058197021484 
     0.018231293  -0.0056762695313 
     0.018253968  -0.061737060547 
     0.018276644   -0.10922241211 
      0.01829932   -0.14739990234 
     0.018321995   -0.17611694336 
     0.018344671   -0.19482421875 
     0.018367347   -0.20416259766 
     0.018390023    -0.2038269043 
     0.018412698   -0.19497680664 
     0.018435374   -0.17782592773 
      0.01845805   -0.15377807617 
     0.018480726   -0.12362670898 
     0.018503401    -0.0888671875 
     0.018526077  -0.050598144531 
     0.018548753  -0.010650634766 
     0.018571429   0.029907226563 
     0.018594104   0.069091796875 
      0.01861678    0.10598754883 
     0.018639456    0.13858032227 
     0.018662132    0.16613769531 
     0.018684807    0.18688964844 
     0.018707483    0.20031738281 
     0.018730159    0.20504760742 
     0.018752834    0.20095825195 
      0.01877551    0.18710327148 
     0.018798186    0.16366577148 
     0.018820862    0.13037109375 
     0.018843537   0.087677001953 
     0.018866213   0.036071777344 
     0.018888889  -0.023834228516 
     0.018911565  -0.091003417969 
      0.01893424   -0.16430664063 
     0.018956916    -0.2424621582 
     0.018979592    -0.3239440918 
     0.019002268   -0.40716552734 
     0.019024943   -0.49072265625 
     0.019047619   -0.57241821289 
     0.019070295   -0.65103149414 
     0.019092971   -0.72445678711 
     0.019115646   -0.79138183594 
     0.019138322   -0.85000610352 
     0.019160998   -0.89901733398 
     0.019183673   -0.93725585938 
     0.019206349   -0.96334838867 
     0.019229025    -0.9768371582 
     0.019251701   -0.97671508789 
     0.019274376   -0.96292114258 
     0.019297052   -0.93505859375 
     0.019319728   -0.89349365234 
     0.019342404   -0.83837890625 
     0.019365079   -0.77066040039 
     0.019387755   -0.69094848633 
     0.019410431    -0.6005859375 
     0.019433107   -0.50076293945 
     0.019455782   -0.39306640625 
     0.019478458   -0.27920532227 
     0.019501134   -0.16079711914 
      0.01952381  -0.039916992188 
     0.019546485   0.081665039063 
     0.019569161    0.20184326172 
     0.019591837    0.31896972656 
     0.019614512    0.43084716797 
     0.019637188    0.53607177734 
     0.019659864    0.63278198242 
      0.01968254    0.71960449219 
     0.019705215    0.79531860352 
     0.019727891    0.85885620117 
     0.019750567    0.90924072266 
     0.019773243     0.9462890625 
     0.019795918    0.96914672852 
     0.019818594    0.97839355469 
      0.01984127     0.9736328125 
     0.019863946    0.95581054688 
     0.019886621    0.92538452148 
     0.019909297    0.88336181641 
     0.019931973    0.83087158203 
     0.019954649    0.76919555664 
     0.019977324     0.6999206543 
            0.02    0.62445068359 
     0.020022676    0.54470825195 
     0.020045351    0.46197509766 
     0.020068027    0.37854003906 
     0.020090703     0.2956237793 
     0.020113379    0.21514892578 
     0.020136054    0.13848876953 
      0.02015873   0.067169189453 
     0.020181406  0.0023498535156 
     0.020204082  -0.054718017578 
     0.020226757   -0.10348510742 
     0.020249433    -0.1428527832 
     0.020272109   -0.17282104492 
     0.020294785   -0.19296264648 
      0.02031746   -0.20343017578 
     0.020340136   -0.20440673828 
     0.020362812   -0.19665527344 
     0.020385488   -0.18051147461 
     0.020408163   -0.15731811523 
     0.020430839   -0.12799072266 
     0.020453515  -0.093627929688 
      0.02047619  -0.055847167969 
     0.020498866  -0.016082763672 
     0.020521542   0.024627685547 
     0.020544218    0.06396484375 
     0.020566893     0.1012878418 
     0.020589569    0.13455200195 
     0.020612245     0.1628112793 
     0.020634921    0.18453979492 
     0.020657596    0.19900512695 
     0.020680272    0.20492553711 
     0.020702948    0.20205688477 
     0.020725624    0.18951416016 
     0.020748299    0.16729736328 
     0.020770975    0.13537597656 
     0.020793651   0.093872070313 
     0.020816327   0.043426513672 
     0.020839002  -0.015472412109 
     0.020861678  -0.081695556641 
     0.020884354   -0.15426635742 
     0.020907029   -0.23184204102 
     0.020929705   -0.31295776367 
     0.020952381   -0.39614868164 
     0.020975057   -0.47961425781 
     0.020997732   -0.56173706055 
     0.021020408   -0.64086914063 
     0.021043084   -0.71499633789 
      0.02106576   -0.78302001953 
     0.021088435   -0.84265136719 
     0.021111111   -0.89318847656 
     0.021133787   -0.93276977539 
     0.021156463   -0.96063232422 
     0.021179138   -0.97579956055 
     0.021201814   -0.97756958008 
      0.02122449   -0.96551513672 
     0.021247166   -0.93957519531 
     0.021269841   -0.89974975586 
     0.021292517   -0.84649658203 
     0.021315193   -0.78033447266 
     0.021337868   -0.70217895508 
     0.021360544   -0.61315917969 
      0.02138322   -0.51452636719 
     0.021405896   -0.40777587891 
     0.021428571   -0.29458618164 
     0.021451247   -0.17672729492 
     0.021473923  -0.055999755859 
     0.021496599   0.065460205078 
     0.021519274    0.18612670898 
      0.02154195    0.30355834961 
     0.021564626    0.41641235352 
     0.021587302    0.52255249023 
     0.021609977    0.62045288086 
     0.021632653     0.7087097168 
     0.021655329    0.78594970703 
     0.021678005    0.85110473633 
      0.02170068    0.90338134766 
     0.021723356    0.94213867188 
     0.021746032    0.96688842773 
     0.021768707    0.97802734375 
     0.021791383    0.97494506836 
     0.021814059    0.95901489258 
     0.021836735    0.93005371094 
      0.02185941    0.88958740234 
     0.021882086    0.83837890625 
     0.021904762    0.77792358398 
     0.021927438    0.70941162109 
     0.021950113    0.63488769531 
     0.021972789    0.55535888672 
     0.021995465    0.47314453125 
     0.022018141    0.38961791992 
     0.022040816    0.30648803711 
     0.022063492    0.22567749023 
     0.022086168    0.14837646484 
     0.022108844   0.076293945313 
     0.022131519   0.010559082031 
     0.022154195  -0.047637939453 
     0.022176871  -0.097503662109 
     0.022199546   -0.13815307617 
     0.022222222   -0.16946411133 
     0.022244898   -0.19079589844 
     0.022267574   -0.20260620117 
     0.022290249    -0.2048034668 
     0.022312925   -0.19815063477 
     0.022335601   -0.18310546875 
     0.022358277    -0.1608581543 
     0.022380952   -0.13208007813 
     0.022403628  -0.098480224609 
     0.022426304  -0.061065673828 
      0.02244898  -0.021301269531 
     0.022471655   0.019073486328 
     0.022494331   0.058990478516 
     0.022517007   0.096405029297 
     0.022539683    0.13052368164 
     0.022562358    0.15927124023 
     0.022585034    0.18222045898 
      0.02260771    0.19738769531 
     0.022630385    0.20477294922 
     0.022653061    0.20288085938 
     0.022675737    0.19180297852 
     0.022698413    0.17077636719 
     0.022721088    0.14019775391 
     0.022743764   0.099884033203 
      0.02276644   0.050659179688 
     0.022789116  -0.0072021484375 
     0.022811791  -0.072540283203 
     0.022834467    -0.1442565918 
     0.022857143   -0.22137451172 
     0.022879819   -0.30197143555 
     0.022902494    -0.3850402832 
      0.02292517   -0.46859741211 
     0.022947846   -0.55096435547 
     0.022970522   -0.63055419922 
     0.022993197   -0.70559692383 
     0.023015873   -0.77426147461 
     0.023038549   -0.83538818359 
     0.023061224   -0.88696289063 
       0.0230839   -0.92822265625 
     0.023106576   -0.95767211914 
     0.023129252   -0.97448730469 
     0.023151927   -0.97817993164 
     0.023174603   -0.96783447266 
     0.023197279   -0.94390869141 
     0.023219955   -0.90579223633 
      0.02324263   -0.85433959961 
     0.023265306   -0.78982543945 
     0.023287982   -0.71322631836 
     0.023310658   -0.62554931641 
     0.023333333   -0.52813720703 
     0.023356009   -0.42233276367 
     0.023378685   -0.30999755859 
     0.023401361   -0.19250488281 
     0.023424036     -0.072265625 
     0.023446712   0.049530029297 
     0.023469388    0.17004394531 
     0.023492063     0.2883605957 
     0.023514739     0.4016418457 
     0.023537415    0.50897216797 
     0.023560091    0.60787963867 
     0.023582766    0.69769287109 
     0.023605442    0.77630615234 
     0.023628118    0.84320068359 
     0.023650794    0.89721679688 
     0.023673469    0.93771362305 
     0.023696145    0.96450805664 
     0.023718821    0.97723388672 
     0.023741497    0.97625732422 
     0.023764172    0.96176147461 
     0.023786848    0.93466186523 
     0.023809524    0.89559936523 
       0.0238322      0.845703125 
     0.023854875    0.78649902344 
     0.023877551    0.71884155273 
     0.023900227    0.64514160156 
     0.023922902    0.56607055664 
     0.023945578    0.48425292969 
     0.023968254    0.40063476563 
      0.02399093    0.31750488281 
     0.024013605    0.23617553711 
     0.024036281    0.15844726563 
     0.024058957    0.08544921875 
     0.024081633   0.018981933594 
     0.024104308  -0.040496826172 
     0.024126984  -0.091278076172 
      0.02414966   -0.13336181641 
     0.024172336   -0.16583251953 
     0.024195011    -0.1884765625 
     0.024217687   -0.20172119141 
     0.024240363   -0.20489501953 
     0.024263039   -0.19967651367 
     0.024285714   -0.18539428711 
      0.02430839   -0.16430664063 
     0.024331066   -0.13613891602 
     0.024353741   -0.10327148438 
     0.024376417  -0.066131591797 
     0.024399093  -0.026672363281 
     0.024421769   0.013702392578 
     0.024444444   0.053771972656 
      0.02446712   0.091674804688 
     0.024489796    0.12615966797 
     0.024512472    0.15591430664 
     0.024535147     0.1794128418 
     0.024557823    0.19595336914 
     0.024580499    0.20422363281 
     0.024603175    0.20370483398 
      0.02462585    0.19378662109 
     0.024648526    0.17416381836 
     0.024671202     0.1448059082 
     0.024693878    0.10577392578 
     0.024716553   0.057678222656 
     0.024739229  0.00094604492188 
     0.024761905  -0.063446044922 
      0.02478458   -0.13442993164 
     0.024807256   -0.21084594727 
     0.024829932   -0.29116821289 
     0.024852608   -0.37390136719 
     0.024875283   -0.45755004883 
     0.024897959   -0.54010009766 
     0.024920635   -0.62030029297 
     0.024943311   -0.69580078125 
     0.024965986   -0.76577758789 
     0.024988662   -0.82751464844 
     0.025011338   -0.88095092773 
     0.025034014   -0.92321777344 
     0.025056689   -0.95452880859 
     0.025079365   -0.97302246094 
     0.025102041   -0.97839355469 
     0.025124717   -0.97012329102 
     0.025147392   -0.94781494141 
     0.025170068   -0.91165161133 
     0.025192744   -0.86196899414 
      0.02521542   -0.79904174805 
     0.025238095   -0.72415161133 
     0.025260771    -0.6376953125 
     0.025283447   -0.54165649414 
     0.025306122    -0.4367980957 
     0.025328798   -0.32516479492 
     0.025351474   -0.20843505859 
      0.02537415  -0.088195800781 
     0.025396825   0.033172607422 
     0.025419501    0.15432739258 
     0.025442177     0.2727355957 
     0.025464853    0.38702392578 
     0.025487528    0.49508666992 
     0.025510204    0.59530639648 
      0.02553288    0.68634033203 
     0.025555556    0.76651000977 
     0.025578231    0.83508300781 
     0.025600907    0.89077758789 
     0.025623583    0.93313598633 
     0.025646259    0.96176147461 
     0.025668934    0.97631835938 
      0.02569161    0.97720336914 
     0.025714286    0.96441650391 
     0.025736961    0.93902587891 
     0.025759637    0.90133666992 
     0.025782313    0.85302734375 
     0.025804989    0.79473876953 
     0.025827664    0.72836303711 
      0.02585034    0.65515136719 
     0.025873016    0.57684326172 
     0.025895692    0.49523925781 
     0.025918367    0.41171264648 
     0.025941043    0.32858276367 
     0.025963719    0.24670410156 
     0.025986395    0.16854858398 
      0.02600907   0.094818115234 
     0.026031746       0.02734375 
     0.026054422  -0.032958984375 
     0.026077098  -0.085083007813 
     0.026099773   -0.12832641602 
     0.026122449   -0.16204833984 
     0.026145125   -0.18612670898 
       0.0261678   -0.20037841797 
     0.026190476   -0.20510864258 
     0.026213152   -0.20080566406 
     0.026235828    -0.1877746582 
     0.026258503   -0.16751098633 
     0.026281179   -0.14019775391 
     0.026303855   -0.10787963867 
     0.026326531  -0.071258544922 
     0.026349206  -0.032012939453 
     0.026371882  0.0083618164063 
     0.026394558   0.048522949219 
     0.026417234   0.086822509766 
     0.026439909     0.1217956543 
     0.026462585    0.15231323242 
     0.026485261    0.17666625977 
     0.026507937    0.19424438477 
     0.026530612    0.20358276367 
     0.026553288    0.20434570313 
     0.026575964    0.19561767578 
     0.026598639    0.17736816406 
     0.026621315    0.14923095703 
     0.026643991    0.11157226563 
     0.026666667   0.064544677734 
     0.026689342  0.0089111328125 
     0.026712018  -0.054473876953 
     0.026734694   -0.12466430664 
      0.02675737   -0.20040893555 
     0.026780045   -0.28033447266 
     0.026802721   -0.36282348633 
     0.026825397   -0.44650268555 
     0.026848073   -0.52920532227 
     0.026870748   -0.60986328125 
     0.026893424   -0.68615722656 
       0.0269161   -0.75671386719 
     0.026938776    -0.8200378418 
     0.026961451   -0.87420654297 
     0.026984127   -0.91839599609 
     0.027006803   -0.95101928711 
     0.027029478   -0.97131347656 
     0.027052154   -0.97845458984 
      0.02707483   -0.97207641602 
     0.027097506   -0.95150756836 
     0.027120181   -0.91732788086 
     0.027142857   -0.86926269531 
     0.027165533   -0.80816650391 
     0.027188209   -0.73474121094 
     0.027210884   -0.64984130859 
      0.02723356   -0.55487060547 
     0.027256236     -0.451171875 
     0.027278912   -0.34036254883 
     0.027301587   -0.22412109375 
     0.027324263   -0.10437011719 
     0.027346939   0.017150878906 
     0.027369615    0.13824462891 
      0.02739229    0.25729370117 
     0.027414966    0.37210083008 
     0.027437642     0.4811706543 
     0.027460317    0.58251953125 
     0.027482993     0.6748046875 
     0.027505669     0.7565612793 
     0.027528345    0.82669067383 
      0.02755102    0.88409423828 
     0.027573696    0.92837524414 
     0.027596372    0.95867919922 
     0.027619048    0.97525024414 
     0.027641723    0.97784423828 
     0.027664399    0.96685791016 
     0.027687075    0.94311523438 
     0.027709751    0.90701293945 
     0.027732426    0.85998535156 
     0.027755102    0.80303955078 
     0.027777778     0.7375793457 
     0.027800454    0.66519165039 
     0.027823129    0.58749389648 
     0.027845805    0.50619506836 
     0.027868481     0.4228515625 
     0.027891156     0.3395690918 
     0.027913832    0.25738525391 
     0.027936508    0.17874145508 
     0.027959184     0.1042175293 
     0.027981859   0.036041259766 
     0.028004535  -0.025573730469 
     0.028027211  -0.078521728516 
     0.028049887   -0.12319946289 
     0.028072562   -0.15808105469 
     0.028095238   -0.18350219727 
     0.028117914   -0.19903564453 
      0.02814059   -0.20504760742 
     0.028163265   -0.20181274414 
     0.028185941   -0.19006347656 
     0.028208617   -0.17053222656 
     0.028231293   -0.14422607422 
     0.028253968   -0.11233520508 
     0.028276644  -0.076385498047 
      0.02829932  -0.037292480469 
     0.028321995  0.0029602050781 
     0.028344671   0.043273925781 
     0.028367347   0.081878662109 
     0.028390023     0.1174621582 
     0.028412698    0.14846801758 
     0.028435374    0.17391967773 
      0.02845805    0.19226074219 
     0.028480726    0.20288085938 
     0.028503401    0.20474243164 
     0.028526077    0.19735717773 
     0.028548753    0.18035888672 
     0.028571429    0.15350341797 
     0.028594104    0.11712646484 
      0.02861678   0.071258544922 
     0.028639456   0.016876220703 
     0.028662132  -0.045715332031 
     0.028684807   -0.11499023438 
     0.028707483   -0.19006347656 
     0.028730159   -0.26956176758 
     0.028752834   -0.35171508789 
      0.02877551   -0.43542480469 
     0.028798186   -0.51831054688 
     0.028820862   -0.59936523438 
     0.028843537   -0.67630004883 
     0.028866213    -0.7477722168 
     0.028888889   -0.81207275391 
     0.028911565   -0.86755371094 
      0.02893424   -0.91320800781 
     0.028956916   -0.94732666016 
     0.028979592   -0.96939086914 
     0.029002268   -0.97830200195 
     0.029024943   -0.97366333008 
     0.029047619     -0.955078125 
     0.029070295   -0.92266845703 
     0.029092971   -0.87637329102 
     0.029115646   -0.81704711914 
     0.029138322   -0.74517822266 
     0.029160998   -0.66168212891 
     0.029183673    -0.5680847168 
     0.029206349   -0.46533203125 
     0.029229025   -0.35543823242 
     0.029251701   -0.23983764648 
     0.029274376   -0.12036132813 
     0.029297052  0.00088500976563 
     0.029319728    0.12237548828 
     0.029342404    0.24160766602 
     0.029365079     0.3571472168 
     0.029387755    0.46713256836 
     0.029410431    0.56945800781 
     0.029433107    0.66320800781 
     0.029455782    0.74633789063 
     0.029478458    0.81802368164 
     0.029501134    0.87731933594 
      0.02952381    0.92318725586 
     0.029546485    0.95550537109 
     0.029569161    0.97384643555 
     0.029591837    0.97827148438 
     0.029614512    0.96911621094 
     0.029637188    0.94696044922 
     0.029659864    0.91247558594 
      0.02968254    0.86682128906 
     0.029705215    0.81112670898 
     0.029727891    0.74667358398 
     0.029750567    0.67523193359 
     0.029773243    0.59799194336 
     0.029795918    0.51718139648 
     0.029818594    0.43392944336 
      0.02984127     0.3505859375 
     0.029863946    0.26815795898 
     0.029886621    0.18899536133 
     0.029909297    0.11373901367 
     0.029931973   0.044769287109 
     0.029954649  -0.017852783203 
     0.029977324  -0.071990966797 
            0.03   -0.11782836914 
     0.030022676   -0.15396118164 
     0.030045351   -0.18072509766 
     0.030068027   -0.19747924805 
     0.030090703   -0.20486450195 
     0.030113379   -0.20269775391 
     0.030136054   -0.19213867188 
      0.03015873   -0.17346191406 
     0.030181406   -0.14813232422 
     0.030204082   -0.11685180664 
     0.030226757  -0.081359863281 
     0.030249433  -0.042541503906 
     0.030272109  -0.0024719238281 
     0.030294785   0.038055419922 
      0.03031746   0.076812744141 
     0.030340136    0.11303710938 
     0.030362812    0.14459228516 
     0.030385488    0.17092895508 
     0.030408163    0.19027709961 
     0.030430839    0.20193481445 
     0.030453515    0.20504760742 
      0.03047619    0.19885253906 
     0.030498866    0.18319702148 
     0.030521542    0.15765380859 
     0.030544218    0.12243652344 
     0.030566893   0.077941894531 
     0.030589569   0.024475097656 
     0.030612245  -0.036895751953 
     0.030634921   -0.10543823242 
     0.030657596   -0.17980957031 
     0.030680272   -0.25881958008 
     0.030702948   -0.34072875977 
     0.030725624   -0.42428588867 
     0.030748299   -0.50735473633 
     0.030770975   -0.58880615234 
     0.030793651   -0.66635131836 
     0.030816327   -0.73867797852 
     0.030839002    -0.8039855957 
     0.030861678   -0.86077880859 
     0.030884354   -0.90771484375 
     0.030907029   -0.94351196289 
     0.030929705   -0.96719360352 
     0.030952381   -0.97787475586 
     0.030975057   -0.97509765625 
     0.030997732   -0.95834350586 
     0.031020408     -0.927734375 
     0.031043084   -0.88333129883 
      0.03106576   -0.82571411133 
     0.031088435   -0.75531005859 
     0.031111111   -0.67346191406 
     0.031133787   -0.58099365234 
     0.031156463   -0.47952270508 
     0.031179138   -0.37036132813 
     0.031201814   -0.25549316406 
      0.03122449   -0.13629150391 
     0.031247166  -0.015289306641 
     0.031269841    0.10626220703 
     0.031292517    0.22598266602 
     0.031315193    0.34210205078 
     0.031337868    0.45288085938 
     0.031360544    0.55642700195 
      0.03138322    0.65124511719 
     0.031405896    0.73599243164 
     0.031428571    0.80917358398 
     0.031451247    0.87017822266 
     0.031473923    0.91790771484 
     0.031496599    0.95199584961 
     0.031519274    0.97225952148 
      0.03154195    0.97842407227 
     0.031564626    0.97106933594 
     0.031587302    0.95071411133 
     0.031609977    0.91763305664 
     0.031632653    0.87359619141 
     0.031655329    0.81896972656 
     0.031678005    0.75573730469 
      0.03170068    0.68505859375 
     0.031723356    0.60848999023 
     0.031746032    0.52807617188 
     0.031768707    0.44509887695 
     0.031791383    0.36157226563 
     0.031814059    0.27905273438 
     0.031836735    0.19918823242 
      0.03185941    0.12350463867 
     0.031882086   0.053497314453 
     0.031904762  -0.0099487304688 
     0.031927438  -0.065277099609 
     0.031950113   -0.11224365234 
     0.031972789   -0.14974975586 
     0.031995465   -0.17770385742 
     0.032018141   -0.19586181641 
     0.032040816   -0.20440673828 
     0.032063492   -0.20346069336 
     0.032086168   -0.19409179688 
     0.032108844   -0.17626953125 
     0.032131519   -0.15194702148 
     0.032154195   -0.12121582031 
     0.032176871  -0.086303710938 
     0.032199546    -0.0478515625 
     0.032222222  -0.0077514648438 
     0.032244898   0.032592773438 
     0.032267574   0.071929931641 
     0.032290249    0.10830688477 
     0.032312925    0.14080810547 
     0.032335601    0.16775512695 
     0.032358277    0.18814086914 
     0.032380952    0.20086669922 
     0.032403628    0.20513916016 
     0.032426304    0.20022583008 
      0.03244898     0.1858215332 
     0.032471655    0.16162109375 
     0.032494331    0.12768554688 
     0.032517007   0.084320068359 
     0.032539683   0.032135009766 
     0.032562358  -0.028381347656 
     0.032585034  -0.095916748047 
      0.03260771   -0.16970825195 
     0.032630385     -0.248046875 
     0.032653061    -0.3298034668 
     0.032675737   -0.41305541992 
     0.032698413   -0.49649047852 
     0.032721088   -0.57815551758 
     0.032743764   -0.65628051758 
      0.03276644    -0.7294921875 
     0.032789116   -0.79571533203 
     0.032811791    -0.8537902832 
     0.032834467   -0.90213012695 
     0.032857143   -0.93942260742 
     0.032879819   -0.96475219727 
     0.032902494   -0.97729492188 
      0.03292517   -0.97613525391 
     0.032947846   -0.96148681641 
     0.032970522   -0.93255615234 
     0.032993197   -0.89001464844 
     0.033015873   -0.83410644531 
     0.033038549   -0.76531982422 
     0.033061224   -0.68505859375 
       0.0330839         -0.59375 
     0.033106576   -0.49349975586 
     0.033129252   -0.38522338867 
     0.033151927   -0.27099609375 
     0.033174603      -0.15234375 
     0.033197279  -0.031402587891 
     0.033219955   0.090209960938 
      0.03324263    0.21020507813 
     0.033265306    0.32699584961 
     0.033287982    0.43850708008 
     0.033310658    0.54318237305 
     0.033333333    0.63919067383 
     0.033356009    0.72534179688 
     0.033378685    0.80017089844 
     0.033401361    0.86282348633 
     0.033424036    0.91235351563 
     0.033446712    0.94827270508 
     0.033469388    0.97033691406 
     0.033492063    0.97839355469 
     0.033514739    0.97286987305 
     0.033537415     0.9541015625 
     0.033560091    0.92272949219 
     0.033582766    0.88006591797 
     0.033605442    0.82672119141 
     0.033628118    0.76467895508 
     0.033650794    0.69467163086 
     0.033673469    0.61907958984 
     0.033696145    0.53884887695 
     0.033718821    0.45620727539 
     0.033741497    0.37265014648 
     0.033764172    0.28985595703 
     0.033786848    0.20959472656 
     0.033809524    0.13330078125 
       0.0338322   0.062408447266 
     0.033854875  -0.0019836425781 
     0.033877551  -0.058349609375 
     0.033900227   -0.10665893555 
     0.033922902   -0.14514160156 
     0.033945578   -0.17471313477 
     0.033968254   -0.19390869141 
      0.03399093   -0.20385742188 
     0.034013605   -0.20413208008 
     0.034036281   -0.19570922852 
     0.034058957   -0.17919921875 
     0.034081633   -0.15542602539 
     0.034104308   -0.12567138672 
     0.034126984  -0.091156005859 
      0.03414966  -0.053009033203 
     0.034172336  -0.013275146484 
     0.034195011   0.027465820313 
     0.034217687   0.066650390625 
     0.034240363     0.1037902832 
     0.034263039    0.13674926758 
     0.034285714    0.16452026367 
      0.03430839    0.18588256836 
     0.034331066    0.19961547852 
     0.034353741      0.205078125 
     0.034376417    0.20147705078 
     0.034399093    0.18826293945 
     0.034421769    0.16540527344 
     0.034444444    0.13275146484 
      0.03446712   0.090576171875 
     0.034489796   0.039611816406 
     0.034512472  -0.019989013672 
     0.034535147  -0.086486816406 
     0.034557823   -0.15966796875 
     0.034580499   -0.23739624023 
     0.034603175   -0.31878662109 
      0.03462585   -0.40203857422 
     0.034648526   -0.48541259766 
     0.034671202   -0.56744384766 
     0.034693878   -0.64624023438 
     0.034716553   -0.72003173828 
     0.034739229   -0.78750610352 
     0.034761905   -0.84646606445 
      0.03478458   -0.89642333984 
     0.034807256   -0.93505859375 
     0.034829932   -0.96215820313 
     0.034852608   -0.97640991211 
     0.034875283   -0.97705078125 
     0.034897959   -0.96429443359 
     0.034920635   -0.93710327148 
     0.034943311   -0.89654541016 
     0.034965986   -0.84222412109 
     0.034988662   -0.77517700195 
     0.035011338   -0.69631958008 
     0.035034014   -0.60650634766 
     0.035056689   -0.50720214844 
     0.035079365    -0.4001159668 
     0.035102041   -0.28634643555 
     0.035124717   -0.16833496094 
     0.035147392  -0.047546386719 
     0.035170068   0.074157714844 
     0.035192744     0.1943359375 
      0.03521542    0.31182861328 
     0.035238095    0.42401123047 
     0.035260771    0.52972412109 
     0.035283447    0.62701416016 
     0.035306122    0.71450805664 
     0.035328798    0.79092407227 
     0.035351474    0.85525512695 
      0.03537415     0.9065246582 
     0.035396825    0.94427490234 
     0.035419501    0.96826171875 
     0.035442177    0.97808837891 
     0.035464853    0.97445678711 
     0.035487528    0.95718383789 
     0.035510204      0.927734375 
      0.03553288    0.88623046875 
     0.035555556    0.83447265625 
     0.035578231    0.77331542969 
     0.035600907     0.7043762207 
     0.035623583    0.62942504883 
     0.035646259    0.54965209961 
     0.035668934    0.46728515625 
      0.03569161    0.38372802734 
     0.035714286    0.30072021484 
     0.035736961    0.22015380859 
     0.035759637    0.14306640625 
     0.035782313   0.071472167969 
     0.035804989  0.0061950683594 
     0.035827664  -0.051422119141 
      0.03585034   -0.10061645508 
     0.035873016   -0.14074707031 
     0.035895692    -0.1711730957 
     0.035918367   -0.19207763672 
     0.035941043   -0.20294189453 
     0.035963719   -0.20471191406 
     0.035986395   -0.19729614258 
      0.03600907   -0.18179321289 
     0.036031746   -0.15899658203 
     0.036054422   -0.12991333008 
     0.036077098  -0.095916748047 
     0.036099773  -0.058349609375 
     0.036122449  -0.018463134766 
     0.036145125   0.021911621094 
       0.0361678   0.061737060547 
     0.036190476   0.098937988281 
     0.036213152    0.13265991211 
     0.036235828    0.16119384766 
     0.036258503    0.18341064453 
     0.036281179    0.19833374023 
     0.036303855    0.20483398438 
     0.036326531    0.20248413086 
     0.036349206    0.19058227539 
     0.036371882    0.16897583008 
     0.036394558    0.13766479492 
     0.036417234   0.096771240234 
     0.036439909   0.046783447266 
     0.036462585  -0.011505126953 
     0.036485261  -0.077423095703 
     0.036507937   -0.14950561523 
     0.036530612   -0.22692871094 
     0.036553288   -0.30773925781 
     0.036575964   -0.39102172852 
     0.036598639   -0.47430419922 
     0.036621315   -0.55679321289 
     0.036643991   -0.63592529297 
     0.036666667    -0.7106628418 
     0.036689342   -0.77886962891 
     0.036712018   -0.83929443359 
     0.036734694   -0.89022827148 
      0.03675737   -0.93072509766 
     0.036780045   -0.95919799805 
     0.036802721    -0.9753112793 
     0.036825397   -0.97772216797 
     0.036848073   -0.96682739258 
     0.036870748   -0.94146728516 
     0.036893424   -0.90280151367 
       0.0369161   -0.85006713867 
     0.036938776   -0.78494262695 
     0.036961451    -0.7073059082 
     0.036984127   -0.61911010742 
     0.037006803   -0.52084350586 
     0.037029478   -0.41473388672 
     0.037052154   -0.30178833008 
      0.03707483   -0.18417358398 
     0.037097506  -0.063690185547 
     0.037120181   0.058013916016 
     0.037142857    0.17855834961 
     0.037165533    0.29638671875 
     0.037188209    0.40954589844 
     0.037210884    0.51608276367 
      0.03723356    0.61465454102 
     0.037256236    0.70349121094 
     0.037278912    0.78146362305 
     0.037301587    0.84741210938 
     0.037324263    0.90051269531 
     0.037346939    0.94003295898 
     0.037369615    0.96591186523 
      0.03739229     0.9775390625 
     0.037414966    0.97573852539 
     0.037437642     0.9602355957 
     0.037460317    0.93231201172 
     0.037482993    0.89239501953 
     0.037505669    0.84188842773 
     0.037528345    0.78189086914 
      0.03755102    0.71401977539 
     0.037573696    0.63955688477 
     0.037596372      0.560546875 
     0.037619048     0.4782409668 
     0.037641723    0.39489746094 
     0.037664399    0.31161499023 
     0.037687075    0.23065185547 
     0.037709751    0.15307617188 
     0.037732426    0.08056640625 
     0.037755102   0.014526367188 
     0.037777778  -0.044281005859 
     0.037800454  -0.094604492188 
     0.037823129   -0.13592529297 
     0.037845805   -0.16775512695 
     0.037868481   -0.18978881836 
     0.037891156   -0.20208740234 
     0.037913832   -0.20501708984 
     0.037936508   -0.19876098633 
     0.037959184    -0.1842956543 
     0.037981859    -0.1623840332 
     0.038004535   -0.13409423828 
     0.038027211   -0.10070800781 
     0.038049887  -0.063446044922 
     0.038072562  -0.023864746094 
     0.038095238     0.0166015625 
     0.038117914   0.056518554688 
      0.03814059   0.094177246094 
     0.038163265    0.12850952148 
     0.038185941    0.15768432617 
     0.038208617     0.1809387207 
     0.038231293    0.19671630859 
     0.038253968    0.20452880859 
     0.038276644    0.20330810547 
      0.03829932    0.19274902344 
     0.038321995    0.17242431641 
     0.038344671    0.14236450195 
     0.038367347    0.10266113281 
     0.038390023   0.053985595703 
     0.038412698  -0.0033569335938 
     0.038435374  -0.068176269531 
      0.03845805   -0.13973999023 
     0.038480726   -0.21627807617 
     0.038503401   -0.29702758789 
     0.038526077   -0.37966918945 
     0.038548753   -0.46347045898 
     0.038571429   -0.54583740234 
     0.038594104   -0.62573242188 
      0.03861678   -0.70101928711 
     0.038639456   -0.77026367188 
     0.038662132   -0.83172607422 
     0.038684807   -0.88412475586 
     0.038707483   -0.92590332031 
     0.038730159   -0.95620727539 
     0.038752834   -0.97387695313 
      0.03877551    -0.9782409668 
     0.038798186    -0.9690246582 
     0.038820862   -0.94564819336 
     0.038843537   -0.90872192383 
     0.038866213   -0.85784912109 
     0.038888889   -0.79428100586 
     0.038911565   -0.71832275391 
      0.03893424   -0.63131713867 
     0.038956916   -0.53451538086 
     0.038979592   -0.42913818359 
     0.039002268   -0.31716918945 
     0.039024943   -0.19998168945 
     0.039047619  -0.079772949219 
     0.039070295   0.041809082031 
     0.039092971    0.16268920898 
     0.039115646    0.28100585938 
     0.039138322    0.39477539063 
     0.039160998    0.50247192383 
     0.039183673    0.60195922852 
     0.039206349    0.69241333008 
     0.039229025    0.77166748047 
     0.039251701    0.83944702148 
     0.039274376    0.89419555664 
     0.039297052    0.93560791016 
     0.039319728    0.96322631836 
     0.039342404    0.97686767578 
     0.039365079    0.97668457031 
     0.039387755    0.96310424805 
     0.039410431    0.93664550781 
     0.039433107    0.89840698242 
     0.039455782    0.84912109375 
     0.039478458    0.79043579102 
     0.039501134    0.72332763672 
      0.03952381    0.64984130859 
     0.039546485    0.57116699219 
     0.039569161    0.48937988281 
     0.039591837    0.40591430664 
     0.039614512    0.32266235352 
     0.039637188    0.24118041992 
     0.039659864    0.16311645508 
      0.03968254   0.089904785156 
     0.039705215   0.022827148438 
     0.039727891  -0.036865234375 
     0.039750567  -0.088500976563 
     0.039773243   -0.13088989258 
     0.039795918   -0.16418457031 
     0.039818594   -0.18734741211 
      0.03984127   -0.20108032227 
     0.039863946   -0.20510864258 
     0.039886621   -0.20007324219 
     0.039909297   -0.18670654297 
     0.039931973   -0.16571044922 
     0.039954649   -0.13812255859 
     0.039977324   -0.10543823242 
            0.04  -0.068511962891 
     0.040022676  -0.029266357422 
     0.040045351   0.011291503906 
     0.040068027   0.051239013672 
     0.040090703   0.089447021484 
     0.040113379    0.12408447266 
     0.040136054    0.15420532227 
      0.04015873    0.17816162109 
     0.040181406    0.19519042969 
     0.040204082    0.20388793945 
     0.040226757    0.20413208008 
     0.040249433    0.19454956055 
     0.040272109    0.17575073242 
     0.040294785    0.14691162109 
      0.04031746    0.10845947266 
     0.040340136   0.061004638672 
     0.040362812  0.0046997070313 
     0.040385488  -0.059234619141 
     0.040408163   -0.12976074219 
     0.040430839   -0.20602416992 
     0.040453515   -0.28598022461 
      0.04047619   -0.36874389648 
     0.040498866   -0.45230102539 
     0.040521542   -0.53503417969 
     0.040544218   -0.61535644531 
     0.040566893   -0.69128417969 
     0.040589569   -0.76153564453 
     0.040612245   -0.82403564453 
     0.040634921   -0.87777709961 
     0.040657596   -0.92098999023 
     0.040680272    -0.9528503418 
     0.040702948   -0.97232055664 
     0.040725624   -0.97842407227 
     0.040748299   -0.97106933594 
     0.040770975   -0.94958496094 
     0.040793651    -0.9143371582 
     0.040816327   -0.86541748047 
     0.040839002    -0.8034362793 
     0.040861678   -0.72906494141 
     0.040884354   -0.64349365234 
     0.040907029   -0.54788208008 
     0.040929705   -0.44354248047 
     0.040952381   -0.33239746094 
     0.040975057   -0.21575927734 
     0.040997732  -0.095855712891 
     0.041020408   0.025695800781 
     0.041043084    0.14669799805 
      0.04106576    0.26550292969 
     0.041088435    0.38003540039 
     0.041111111    0.48849487305 
     0.041133787    0.58938598633 
     0.041156463    0.68084716797 
     0.041179138    0.76193237305 
     0.041201814    0.83111572266 
      0.04122449    0.88766479492 
     0.041247166     0.9309387207 
     0.041269841    0.96029663086 
     0.041292517    0.97592163086 
     0.041315193    0.97747802734 
     0.041337868    0.96560668945 
     0.041360544    0.94097900391 
      0.04138322     0.9040222168 
     0.041405896    0.85632324219 
     0.041428571    0.79870605469 
     0.041451247    0.73260498047 
     0.041473923    0.66003417969 
     0.041496599     0.5817565918 
     0.041519274    0.50042724609 
      0.04154195     0.4169921875 
     0.041564626    0.33364868164 
     0.041587302    0.25186157227 
     0.041609977    0.17321777344 
     0.041632653   0.099304199219 
     0.041655329   0.031372070313 
     0.041678005  -0.029449462891 
      0.04170068  -0.082092285156 
     0.041723356   -0.12585449219 
     0.041746032   -0.16024780273 
     0.041768707   -0.18487548828 
     0.041791383   -0.19979858398 
     0.041814059   -0.20510864258 
     0.041836735   -0.20129394531 
      0.04185941   -0.18884277344 
     0.041882086   -0.16897583008 
     0.041904762   -0.14205932617 
     0.041927438    -0.1100769043 
     0.041950113  -0.073608398438 
     0.041972789  -0.034484863281 
     0.041995465  0.0057678222656 
     0.042018141   0.046112060547 
     0.042040816   0.084411621094 
     0.042063492     0.1198425293 
     0.042086168    0.15051269531 
     0.042108844    0.17535400391 
     0.042131519      0.193359375 
     0.042154195    0.20324707031 
     0.042176871    0.20455932617 
     0.042199546    0.19647216797 
     0.042222222    0.17877197266 
     0.042244898    0.15130615234 
     0.042267574    0.11413574219 
     0.042290249   0.067779541016 
     0.042312925   0.012603759766 
     0.042335601  -0.050231933594 
     0.042358277   -0.12014770508 
     0.042380952   -0.19552612305 
     0.042403628   -0.27526855469 
     0.042426304   -0.35763549805 
      0.04244898   -0.44122314453 
     0.042471655   -0.52410888672 
     0.042494331   -0.60491943359 
     0.042517007   -0.68151855469 
     0.042539683   -0.75256347656 
     0.042562358   -0.81625366211 
     0.042585034   -0.87118530273 
      0.04260771   -0.91589355469 
     0.042630385   -0.94934082031 
     0.042653061    -0.9704284668 
     0.042675737   -0.97842407227 
     0.042698413   -0.97280883789 
     0.042721088   -0.95327758789 
     0.042743764   -0.91983032227 
      0.04276644   -0.87265014648 
     0.042789116   -0.81240844727 
     0.042811791   -0.73959350586 
     0.042834467   -0.65548706055 
     0.042857143   -0.56109619141 
     0.042879819   -0.45788574219 
     0.042902494   -0.34741210938 
      0.04292517   -0.23159790039 
     0.042947846   -0.11178588867 
     0.042970522  0.0093994140625 
     0.042993197    0.13079833984 
     0.043015873    0.24993896484 
     0.043038549    0.36508178711 
     0.043061224    0.47454833984 
       0.0430839    0.57647705078 
     0.043106576    0.66928100586 
     0.043129252    0.75180053711 
     0.043151927    0.82266235352 
     0.043174603      0.880859375 
     0.043197279    0.92608642578 
     0.043219955    0.95712280273 
      0.04324263    0.97463989258 
     0.043265306    0.97805786133 
     0.043287982    0.96798706055 
     0.043310658    0.94491577148 
     0.043333333    0.90963745117 
     0.043356009    0.86322021484 
     0.043378685    0.80682373047 
     0.043401361    0.74194335938 
     0.043424036    0.66986083984 
     0.043446712     0.5924987793 
     0.043469388    0.51129150391 
     0.043492063    0.42816162109 
     0.043514739    0.34463500977 
     0.043537415    0.26260375977 
     0.043560091    0.18338012695 
     0.043582766    0.10885620117 
     0.043605442   0.039947509766 
     0.043628118  -0.021789550781 
     0.043650794  -0.075592041016 
     0.043673469   -0.12060546875 
     0.043696145   -0.15618896484 
     0.043718821   -0.18222045898 
     0.043741497   -0.19833374023 
     0.043764172   -0.20498657227 
     0.043786848   -0.20220947266 
     0.043809524   -0.19110107422 
       0.0438322        -0.171875 
     0.043854875   -0.14608764648 
     0.043877551    -0.1145324707 
     0.043900227   -0.07861328125 
     0.043922902  -0.039886474609 
     0.043945578    0.00048828125 
     0.043968254   0.040771484375 
      0.04399093   0.079528808594 
     0.044013605    0.11535644531 
     0.044036281    0.14672851563 
     0.044058957    0.17245483398 
     0.044081633    0.19137573242 
     0.044104308    0.20245361328 
     0.044126984    0.20489501953 
      0.04414966    0.19808959961 
     0.044172336    0.18170166016 
     0.044195011    0.15548706055 
     0.044217687    0.11965942383 
     0.044240363   0.074432373047 
     0.044263039   0.020416259766 
     0.044285714   -0.04150390625 
      0.04430839   -0.11050415039 
     0.044331066   -0.18524169922 
     0.044353741   -0.26443481445 
     0.044376417   -0.34664916992 
     0.044399093   -0.43008422852 
     0.044421769   -0.51321411133 
     0.044444444   -0.59439086914 
      0.04446712   -0.67163085938 
     0.044489796   -0.74353027344 
     0.044512472   -0.80822753906 
     0.044535147   -0.86447143555 
     0.044557823   -0.91055297852 
     0.044580499   -0.94567871094 
     0.044603175   -0.96826171875 
      0.04462585   -0.97821044922 
     0.044648526   -0.97430419922 
     0.044671202   -0.95672607422 
     0.044693878   -0.92498779297 
     0.044716553   -0.87979125977 
     0.044739229    -0.8210144043 
     0.044761905   -0.75012207031 
      0.04478458   -0.66711425781 
     0.044807256   -0.57431030273 
     0.044829932   -0.47189331055 
     0.044852608    -0.3625793457 
     0.044875283   -0.24713134766 
     0.044897959    -0.1279296875 
     0.044920635  -0.0066833496094 
     0.044943311    0.11474609375 
     0.044965986    0.23431396484 
     0.044988662    0.35006713867 
     0.045011338    0.46041870117 
     0.045034014    0.56338500977 
     0.045056689    0.65756225586 
     0.045079365    0.74151611328 
     0.045102041    0.81387329102 
     0.045124717    0.87399291992 
     0.045147392    0.92074584961 
     0.045170068    0.95385742188 
     0.045192744    0.97314453125 
      0.04521542    0.97836303711 
     0.045238095    0.97009277344 
     0.045260771    0.94873046875 
     0.045283447    0.91491699219 
     0.045306122    0.87005615234 
     0.045328798    0.81481933594 
     0.045351474     0.7509765625 
      0.04537415    0.67984008789 
     0.045396825    0.60293579102 
     0.045419501    0.52233886719 
     0.045442177    0.43914794922 
     0.045464853    0.35580444336 
     0.045487528    0.27325439453 
     0.045510204    0.19375610352 
      0.04553288    0.11837768555 
     0.045555556   0.048797607422 
     0.045578231  -0.014099121094 
     0.045600907  -0.068908691406 
     0.045623583   -0.11511230469 
     0.045646259   -0.15216064453 
     0.045668934   -0.17913818359 
      0.04569161   -0.19689941406 
     0.045714286   -0.20455932617 
     0.045736961   -0.20315551758 
     0.045759637   -0.19299316406 
     0.045782313   -0.17489624023 
     0.045804989   -0.14981079102 
     0.045827664   -0.11904907227 
      0.04585034  -0.083587646484 
     0.045873016  -0.045135498047 
     0.045895692    -0.0048828125 
     0.045918367   0.035430908203 
     0.045941043   0.074554443359 
     0.045963719    0.11080932617 
     0.045986395    0.14282226563 
      0.04600907    0.16943359375 
     0.046031746    0.18930053711 
     0.046054422    0.20147705078 
     0.046077098      0.205078125 
     0.046099773    0.19955444336 
     0.046122449    0.18438720703 
     0.046145125    0.15957641602 
       0.0461678    0.12496948242 
     0.046190476   0.080932617188 
     0.046213152   0.028106689453 
     0.046235828  -0.032867431641 
     0.046258503   -0.10101318359 
     0.046281179   -0.17492675781 
     0.046303855   -0.25387573242 
     0.046326531   -0.33544921875 
     0.046349206   -0.41909790039 
     0.046371882   -0.50225830078 
     0.046394558    -0.5837097168 
     0.046417234   -0.66174316406 
     0.046439909   -0.73425292969 
     0.046462585   -0.80020141602 
     0.046485261   -0.85748291016 
     0.046507937   -0.90512084961 
     0.046530612   -0.94158935547 
     0.046553288   -0.96612548828 
     0.046575964   -0.97756958008 
     0.046598639   -0.97564697266 
     0.046621315   -0.95986938477 
     0.046643991   -0.92999267578 
     0.046666667   -0.88656616211 
     0.046689342   -0.82962036133 
     0.046712018   -0.76013183594 
     0.046734694   -0.67883300781 
      0.04675737   -0.58715820313 
     0.046780045   -0.48596191406 
     0.046802721   -0.37747192383 
     0.046825397   -0.26272583008 
     0.046848073   -0.14392089844 
     0.046870748  -0.022827148438 
     0.046893424   0.098663330078 
       0.0469161    0.21865844727 
     0.046938776    0.33493041992 
     0.046961451    0.44613647461 
     0.046984127    0.55020141602 
     0.047006803    0.64562988281 
     0.047029478    0.73095703125 
     0.047052154    0.80505371094 
      0.04707483    0.86663818359 
     0.047097506    0.91537475586 
     0.047120181    0.95025634766 
     0.047142857     0.9714050293 
     0.047165533    0.97842407227 
     0.047188209    0.97201538086 
     0.047210884    0.95217895508 
      0.04723356    0.92022705078 
     0.047256236    0.87652587891 
     0.047278912    0.82275390625 
     0.047301587    0.75988769531 
     0.047324263    0.68957519531 
     0.047346939     0.6135559082 
     0.047369615    0.53305053711 
      0.04739229    0.45043945313 
     0.047414966    0.36669921875 
     0.047437642    0.28414916992 
     0.047460317     0.2041015625 
     0.047482993    0.12805175781 
     0.047505669   0.057739257813 
     0.047528345  -0.0062255859375 
      0.04755102  -0.062103271484 
     0.047573696   -0.10952758789 
     0.047596372    -0.1477355957 
     0.047619048   -0.17617797852 
     0.047641723    -0.1950378418 
     0.047664399   -0.20413208008 
     0.047687075   -0.20385742188 
     0.047709751   -0.19476318359 
     0.047732426   -0.17779541016 
     0.047755102   -0.15344238281 
     0.047777778   -0.12347412109 
     0.047800454  -0.088470458984 
     0.047823129  -0.050415039063 
     0.047845805  -0.010192871094 
     0.047868481   0.030029296875 
     0.047891156   0.069610595703 
     0.047913832    0.10604858398 
     0.047936508    0.13900756836 
     0.047959184    0.16616821289 
     0.047981859    0.18713378906 
     0.048004535    0.20031738281 
     0.048027211    0.20510864258 
     0.048049887    0.20083618164 
     0.048072562    0.18701171875 
     0.048095238    0.16339111328 
     0.048117914    0.13009643555 
      0.04814059   0.087341308594 
     0.048163265   0.035583496094 
     0.048185941  -0.024322509766 
     0.048208617  -0.091552734375 
     0.048231293   -0.16488647461 
     0.048253968   -0.24310302734 
     0.048276644   -0.32455444336 
      0.04829932   -0.40789794922 
     0.048321995   -0.49130249023 
     0.048344671   -0.57305908203 
     0.048367347    -0.6516418457 
     0.048390023   -0.72500610352 
     0.048412698   -0.79190063477 
     0.048435374   -0.85037231445 
      0.04845805    -0.8994140625 
     0.048480726   -0.93746948242 
     0.048503401   -0.96347045898 
     0.048526077   -0.97698974609 
     0.048548753   -0.97659301758 
     0.048571429   -0.96276855469 
     0.048594104   -0.93481445313 
      0.04861678   -0.89303588867 
     0.048639456   -0.83798217773 
     0.048662132   -0.77001953125 
     0.048684807   -0.69030761719 
     0.048707483   -0.59982299805 
     0.048730159   -0.49993896484 
     0.048752834   -0.39227294922 
      0.04877551   -0.27819824219 
     0.048798186   -0.15991210938 
     0.048820862  -0.038970947266 
     0.048843537   0.082672119141 
     0.048866213    0.20269775391 
     0.048888889    0.31991577148 
     0.048911565      0.431640625 
      0.04893424    0.53692626953 
     0.048956916    0.63342285156 
     0.048979592    0.72033691406 
     0.049002268    0.79580688477 
     0.049024943    0.85928344727 
     0.049047619    0.90963745117 
     0.049070295    0.94644165039 
     0.049092971    0.96936035156 
     0.049115646    0.97833251953 
     0.049138322    0.97360229492 
     0.049160998    0.95556640625 
     0.049183673    0.92517089844 
     0.049206349    0.88290405273 
     0.049229025    0.83044433594 
     0.049251701    0.76873779297 
     0.049274376    0.69924926758 
     0.049297052    0.62399291992 
     0.049319728    0.54388427734 
     0.049342404    0.46145629883 
     0.049365079    0.37783813477 
     0.049387755    0.29501342773 
     0.049410431    0.21450805664 
     0.049433107    0.13790893555 
     0.049455782   0.066650390625 
     0.049478458  0.0018615722656 
     0.049501134  -0.055145263672 
      0.04952381   -0.10375976563 
     0.049546485   -0.14318847656 
     0.049569161   -0.17297363281 
     0.049591837   -0.19311523438 
     0.049614512   -0.20346069336 
     0.049637188    -0.2043762207 
     0.049659864    -0.1965637207 
      0.04968254   -0.18032836914 
     0.049705215   -0.15716552734 
     0.049727891   -0.12771606445 
     0.049750567  -0.093322753906 
     0.049773243  -0.055633544922 
     0.049795918  -0.015594482422 
     0.049818594   0.024780273438 
      0.04984127   0.064331054688 
     0.049863946    0.10159301758 
     0.049886621    0.13473510742 
     0.049909297    0.16305541992 
     0.049931973    0.18469238281 
     0.049954649    0.19903564453 
     0.049977324    0.20501708984 
            0.05    0.20193481445 
     0.050022676    0.18939208984 
     0.050045351    0.16711425781 
     0.050068027     0.1350402832 
     0.050090703   0.093597412109 
     0.050113379   0.042907714844 
     0.050136054  -0.015899658203 
      0.05015873  -0.082244873047 
     0.050181406   -0.15487670898 
     0.050204082     -0.232421875 
     0.050226757   -0.31365966797 
     0.050249433   -0.39672851563 
     0.050272109   -0.48031616211 
     0.050294785   -0.56234741211 
      0.05031746   -0.64147949219 
     0.050340136   -0.71557617188 
     0.050362812    -0.7834777832 
     0.050385488   -0.84307861328 
     0.050408163   -0.89361572266 
     0.050430839   -0.93292236328 
     0.050453515       -0.9609375 
      0.05047619   -0.97573852539 
     0.050498866   -0.97763061523 
     0.050521542   -0.96527099609 
     0.050544218   -0.93942260742 
     0.050566893   -0.89926147461 
     0.050589569   -0.84616088867 
     0.050612245   -0.77966308594 
     0.050634921   -0.70159912109 
     0.050657596   -0.61239624023 
     0.050680272   -0.51370239258 
     0.050702948    -0.4069519043 
     0.050725624   -0.29364013672 
     0.050748299   -0.17581176758 
     0.050770975  -0.055114746094 
     0.050793651   0.066497802734 
     0.050816327    0.18698120117 
     0.050839002    0.30453491211 
     0.050861678     0.4172668457 
     0.050884354    0.52328491211 
     0.050907029    0.62121582031 
     0.050929705    0.70935058594 
     0.050952381    0.78649902344 
     0.050975057    0.85162353516 
     0.050997732    0.90365600586 
     0.051020408    0.94244384766 
     0.051043084    0.96697998047 
      0.05106576    0.97808837891 
     0.051088435     0.9748840332 
     0.051111111    0.95880126953 
     0.051133787    0.92980957031 
     0.051156463    0.88922119141 
     0.051179138    0.83795166016 
     0.051201814    0.77737426758 
      0.05122449    0.70895385742 
     0.051247166    0.63412475586 
     0.051269841    0.55487060547 
     0.051292517    0.47241210938 
     0.051315193    0.38897705078 
     0.051337868    0.30587768555 
     0.051360544    0.22503662109 
      0.05138322    0.14779663086 
     0.051405896   0.075714111328 
     0.051428571   0.010162353516 
     0.051451247  -0.048187255859 
     0.051473923  -0.097686767578 
     0.051496599   -0.13861083984 
     0.051519274   -0.16949462891 
      0.05154195   -0.19110107422 
     0.051564626   -0.20251464844 
     0.051587302   -0.20489501953 
     0.051609977    -0.1979675293 
     0.051632653   -0.18304443359 
     0.051655329   -0.16055297852 
     0.051678005   -0.13195800781 
      0.05170068  -0.098083496094 
     0.051723356  -0.060821533203 
     0.051746032   -0.02099609375 
     0.051768707   0.019439697266 
     0.051791383   0.059234619141 
     0.051814059   0.096771240234 
     0.051836735    0.13064575195 
      0.05185941    0.15963745117 
     0.051882086    0.18215942383 
     0.051904762    0.19769287109 
     0.051927438    0.20462036133 
     0.051950113    0.20297241211 
     0.051972789    0.19155883789 
