; Sample Rate 5512.5
; Channels 1
0.0   0.0
2.2675736999999998e-05   0.30334472657499995
4.5351473999999997e-05   0.601806640625
6.8027211e-05   0.75
9.070294799999999e-05   0.75
0.00011337868   0.75
0.00013605441999999998   0.75
0.00015873016   0.75
0.0001814059   0.75
0.00020408163   0.75
0.00022675737000000002   0.75
0.00024943311   0.75
0.00027210883999999997   0.75
0.00029478458   0.75
0.00031746032   0.75
0.00034013605   0.75
0.00036281179   0.75
0.00038548752999999995   0.75
0.00040816327   0.75
0.000430839   0.75
0.00045351474000000005   0.75
0.00047619047999999996   0.75
0.00049886621   0.75
0.00052154195   0.75
0.00054421769   0.75
0.00056689342   0.67207336425
0.00058956916   0.4738616943249999
0.0006122448999999999   0.286026000975
0.00063492063   0.1127624511725
0.00065759637   -0.0431060791025
0.00068027211   -0.17929077148500003
0.0007029478500000001   -0.293426513675
0.00072562358   -0.384521484375
0.00074829932   -0.45127868652500003
0.0007709750599999999   -0.49362182617500006
0.00079365079   -0.5119323730500001
0.0008163265299999999   -0.5069732666
0.0008390022699999999   -0.48057556152500003
0.000861678   -0.43418884277500003
0.0008843537400000001   -0.37071228027500003
0.0009070294800000001   -0.29296875
0.00092970522   -0.203857421875
0.0009523809500000001   -0.10749816894499999
0.0009750566900000001   -0.006637573242250001
0.00099773243   0.094146728515
0.0010204082   0.191345214845
0.0010430839   0.281982421875
0.0010657596   0.36079406737499997
0.0010884354   0.42709350585
0.0011111111   0.4751586914
0.0011337868   0.504837036125
0.0011564626   0.5125427246
0.0011791383   0.49743652345
0.0012018141   0.45829772950000003
0.0012244897999999999   0.39482116700000003
0.0012471655000000001   0.30685424805
0.0012698413   0.19577026367250003
0.001292517   0.06240844726500001
0.0013151927   -0.0910949707025
0.0013378685   -0.26206970215000003
0.0013605442   -0.448150634775
0.00138322   -0.6452941894499999
0.0014058957000000001   -0.75
0.0014285714000000001   -0.75
0.0014512472   -0.75
0.0014739229   -0.75
0.0014965985999999998   -0.75
0.0015192744   -0.75
0.0015419501   -0.75
0.0015646259   -0.75
0.0015873016   -0.75
0.0016099773000000002   -0.75
0.0016326531   -0.75
0.0016553288   -0.75
0.0016780045   -0.75
0.0017006803   -0.75
0.001723356   -0.75
0.0017460317000000001   -0.75
0.0017687075   -0.75
0.0017913832   -0.75
0.001814059   -0.75
0.0018367347   -0.75
0.0018594104   -0.75
0.0018820862   -0.75
0.0019047619000000001   -0.640869140625
0.0019274376000000001   -0.34339904784999997
0.0019501134   -0.04035949707
0.0019727891   0.26329040527500003
0.0019954649   0.56243896485
0.0020181406   0.75
0.0020408163   0.75
0.0020634920999999997   0.75
0.0020861678   0.75
0.0021088435   0.75
0.0021315193   0.75
0.002154195   0.75
0.0021768707000000003   0.75
0.0021995465   0.75
0.0022222222   0.75
0.002244898   0.75
0.0022675737   0.75
0.0022902494   0.75
0.0023129252   0.75
0.0023356009   0.75
0.0023582766   0.75
0.0023809524   0.75
0.0024036281   0.75
0.0024263039   0.75
0.0024489795999999998   0.75
0.0024716553   0.75
0.0024943311   0.75
0.0025170068   0.6992340088
0.0025396825   0.499420166025
0.0025623583   0.310440063475
0.002585034   0.1347351074225
0.0026077098   -0.023422241211000002
0.0026303855   -0.16242980957
0.0026530612   -0.27969360352499995
0.002675737   -0.37368774415
0.0026984127   -0.44387817382499994
0.0027210884   -0.489425659175
0.0027437641999999997   -0.5107116699250001
0.0027664398999999998   -0.509109497075
0.0027891155999999998   -0.48507690430000006
0.0028117914000000003   -0.44151306152500003
0.0028344671000000003   -0.38002014159999997
0.0028571429   -0.303955078125
0.0028798186   -0.2163696289075
0.0029024943   -0.1203918457025
0.0029251701   -0.02029418945325
0.0029478458   0.0810241699225
0.0029705215000000004   0.1787567138675
0.0029931972999999996   0.27030944825000003
0.003015873   0.351257324225
0.0030385488   0.41900634765
0.0030612245   0.470046997075
0.0030839002   0.5019378661999999
0.0031065759999999998   0.5129241943249999
0.0031292517   0.5007171630749999
0.0031519274   0.464935302725
0.0031746032   0.40451049805
0.0031972789000000003   0.320053100575
0.0032199546000000003   0.2118682861325
0.0032426304   0.08110046386750001
0.0032653061   -0.0691986083975
0.0032879819   -0.23902893066500003
0.0033106576   -0.42221069335
0.0033333333   -0.618972778325
0.0033560090999999997   -0.75
0.0033786847999999997   -0.75
0.0034013604999999997   -0.75
0.0034240363   -0.75
0.003446712   -0.75
0.0034693878000000003   -0.75
0.0034920635   -0.75
0.0035147392   -0.75
0.003537415   -0.75
0.0035600907   -0.75
0.0035827664   -0.75
0.0036054421999999996   -0.75
0.0036281178999999996   -0.75
0.0036507937   -0.75
0.0036734694   -0.75
0.0036961451   -0.75
0.0037188209   -0.75
0.0037414965999999997   -0.75
0.0037641722999999998   -0.75
0.0037868481   -0.75
0.0038095238000000003   -0.75
0.0038321995000000003   -0.75
0.0038548753000000003   -0.6795501709
0.003877551   -0.3833770752
0.0039002268   -0.08071899414
0.0039229025   0.22300720214749997
0.0039455782   0.5232238769499999
0.003968254   0.75
0.0039909297   0.75
0.0040136054   0.75
0.0040362812   0.75
0.0040589569   0.75
0.0040816327   0.75
0.0041043084   0.75
0.0041269841   0.75
0.0041496599   0.75
0.0041723356   0.75
0.0041950113   0.75
0.0042176871   0.75
0.0042403628   0.75
0.0042630385   0.75
0.0042857143   0.75
0.00430839   0.75
0.0043310658000000005   0.75
0.0043537415   0.75
0.0043764172   0.75
0.004399093   0.75
0.0044217687   0.75
0.0044444444   0.75
0.0044671202   0.726165771475
0.0044897959   0.5256652831999999
0.0045124716999999995   0.3345489502
0.0045351474   0.157470703125
0.0045578231   -0.0038146972657500003
0.0045804989   -0.144958496095
0.0046031746   -0.26557922362499997
0.0046258503000000005   -0.362472534175
0.0046485261   -0.435943603525
0.0046712018   -0.484771728525
0.0046938776   -0.5093383789
0.0047165533   -0.510635375975
0.004739229   -0.489349365225
0.0047619048   -0.44845581055000006
0.0047845805   -0.38902282715000003
0.0048072562   -0.3148651123
0.004829932   -0.22850036620999997
0.0048526077   -0.1335144042975
0.0048752834   -0.0336456298825
0.0048979591999999995   0.0674438476575
0.0049206349   0.1663208007825
0.0049433107   0.258483886725
0.0049659864000000005   0.34141540527500003
0.0049886621   0.41084289549999997
0.0050113379   0.4640960693249999
0.0050340136   0.499191284175
0.0050566893   0.5124664306750001
0.0050793651   0.5039215088000001
0.0051020408   0.4709625244250001
0.0051247166   0.4140472412
0.0051473922999999994   0.33256530762500003
0.005170068   0.2275848388675
0.0051927438   0.09979248046999999
0.0052154195   -0.04837036132750001
0.0052380952   -0.21530151367250003
0.005260771   -0.3973388672
0.0052834467000000005   -0.592117309575
0.0053061224   -0.75
0.005328798199999999   -0.75
0.0053514739000000006   -0.75
0.0053741497   -0.75
0.0053968254   -0.75
0.0054195011   -0.75
0.0054421769   -0.75
0.0054648526   -0.75
0.0054875283   -0.75
0.0055102041   -0.75
0.0055328797999999995   -0.75
0.0055555556   -0.75
0.0055782313   -0.75
0.005600907   -0.75
0.0056235828000000005   -0.75
0.0056462585   -0.75
0.0056689342000000005   -0.75
0.00569161   -0.75
0.005714285699999999   -0.75
0.0057369615   -0.75
0.0057596372   -0.75
0.0057823129   -0.75
0.0058049887   -0.718460083
0.005827664399999999   -0.42304992674999997
0.0058503401   -0.12115478515749999
0.0058730158999999995   0.18280029297
0.0058956916   0.483703613275
0.0059183673   0.75
0.0059410431000000005   0.75
0.0059637188   0.75
0.005986394599999999   0.75
0.006009070300000001   0.75
0.006031746   0.75
0.0060544218   0.75
0.0060770975   0.75
0.006099773199999999   0.75
0.006122449   0.75
0.0061451247   0.75
0.006167800500000001   0.75
0.0061904762   0.75
0.006213151899999999   0.75
0.0062358277   0.75
0.0062585034   0.75
0.0062811791   0.75
0.0063038549   0.75
0.0063265306000000006   0.75
0.0063492063   0.75
0.006371882099999999   0.75
0.006394557800000001   0.75
0.0064172336   0.75
0.0064399093   0.5517578125
0.006462585   0.35926818847499997
0.0064852608   0.1799774169925
0.0065079365   0.0167083740235
0.0065306122   -0.1274871826175
0.006553288000000001   -0.25077819825000003
0.0065759637   -0.35095214845
0.0065986395   -0.42778015137500003
0.0066213152   -0.4795074463000001
0.0066439909   -0.5075836181750001
0.006666666700000001   -0.511627197275
0.0066893424   -0.493469238275
0.006712018100000001   -0.45501708985
0.0067346939   -0.39779663085
0.006757369599999999   -0.32554626465000003
0.0067800454   -0.24040222168
0.0068027211   -0.14663696289
0.0068253968   -0.0469970703125
0.0068480726   0.0540161132825
0.0068707483   0.153579711915
0.006893424   0.246658325195
0.0069160998   0.33111572265
0.0069387755   0.402374267575
0.0069614512   0.45822143555000006
0.006984127   0.49560546875
0.0070068027   0.512008667
0.0070294785   0.5063629150500001
0.007052154200000001   0.47676086424999997
0.0070748299   0.42304992674999997
0.007097505699999999   0.344696044925
0.0071201814   0.24299621582
0.0071428570999999995   0.11772155761750001
0.0071655329   -0.027236938477499997
0.0071882086   -0.19241333007749997
0.007210884399999999   -0.372238159175
0.0072335601000000005   -0.56564331055
0.007256235799999999   -0.75
0.0072789116   -0.75
0.0073015873   -0.75
0.007324263   -0.75
0.0073469388   -0.75
0.0073696145   -0.75
0.0073922902   -0.75
0.007414965999999999   -0.75
0.007437641700000001   -0.75
0.0074603175   -0.75
0.0074829931999999995   -0.75
0.0075056689   -0.75
0.0075283447   -0.75
0.0075510204000000004   -0.75
0.0075736961   -0.75
0.007596371899999999   -0.75
0.0076190476000000005   -0.75
0.0076417234   -0.75
0.0076643991   -0.75
0.0076870748   -0.75
0.007709750600000001   -0.75
0.0077324263   -0.75
0.007755102   -0.75
0.0077777778   -0.462646484375
0.0078004534999999995   -0.16151428222749997
0.0078231293   0.1423645019525
0.007845805   0.44441223145
0.0078684807   0.738525390625
0.0078911565   0.75
0.0079138322   0.75
0.0079365079   0.75
0.0079591837   0.75
0.0079818594   0.75
0.0080045351   0.75
0.0080272109   0.75
0.0080498866   0.75
0.0080725624   0.75
0.0080952381   0.75
0.0081179138   0.75
0.0081405896   0.75
0.0081632653   0.75
0.008185941   0.75
0.0082086168   0.75
0.0082312925   0.75
0.0082539683   0.75
0.008276644   0.75
0.0082993197   0.75
0.0083219955   0.75
0.0083446712   0.75
0.0083673469   0.75
0.0083900227   0.57792663575
0.0084126984   0.38429260255
0.0084353741   0.20278930663999997
0.0084580499   0.037536621095
0.0084807256   -0.10971069336
0.0085034014   -0.23544311523500003
0.0085260771   -0.33935546875
0.0085487528   -0.418624877925
0.0085714286   -0.474243164075
0.0085941043   -0.5051422119250001
0.00861678   -0.512390136725
0.0086394558   -0.49728393555000006
0.0086621315   -0.46096801757499994
0.0086848073   -0.406570434575
0.008707483   -0.335845947275
0.0087301587   -0.25230407715000003
0.008752834499999999   -0.159606933595
0.0087755102   -0.06027221679749999
0.0087981859   0.0406646728525
0.0088208617   0.140380859375
0.0088435374   0.2349853515625
0.008866213199999999   0.32035827637500003
0.008888888900000001   0.39390563965000003
0.0089115646   0.4517364502
0.0089342404   0.491790771475
0.0089569161   0.51109313965
0.0089795918   0.5084991455
0.0090022676   0.482025146475
0.0090249433   0.43167114257499994
0.009047619   0.3564453125
0.0090702948   0.2577972412
0.0090929705   0.13572692871
0.0091156463   -0.00701904296875
0.009138321999999999   -0.16929626464750003
0.0091609977   -0.3476715088
0.0091836735   -0.539321899425
0.0092063492   -0.740814208975
0.0092290249   -0.75
0.009251700699999999   -0.75
0.009274376400000001   -0.75
0.0092970522   -0.75
0.0093197279   -0.75
0.0093424036   -0.75
0.0093650794   -0.75
0.0093877551   -0.75
0.0094104308   -0.75
0.0094331066   -0.75
0.0094557823   -0.75
0.009478458   -0.75
0.0095011338   -0.75
0.0095238095   -0.75
0.009546485300000001   -0.75
0.009569161   -0.75
0.0095918367   -0.75
0.0096145125   -0.75
0.009637188199999999   -0.75
0.0096598639   -0.75
0.0096825397   -0.75
0.0097052154   -0.75
0.0097278912   -0.5024719238249999
0.009750566899999999   -0.20179748535249997
0.0097732426   0.102310180665
0.009795918399999999   0.404205322275
0.0098185941   0.700378417975
0.0098412698   0.75
0.0098639456   0.75
0.0098866213   0.75
0.009909297099999999   0.75
0.009931972800000001   0.75
0.0099546485   0.75
0.0099773243   0.75
0.01   0.75
0.010022676   0.75
0.010045351   0.75
0.010068027   0.75
0.010090703000000001   0.75
0.010113379   0.75
0.010136054   0.75
0.01015873   0.75
0.010181406   0.75
0.010204082   0.75
0.010226757   0.75
0.010249433   0.75
0.010272109   0.75
0.010294785   0.75
0.01031746   0.75
0.010340136   0.60470581055
0.010362811999999999   0.40924072265
0.010385488   0.2261352539075
0.010408163   0.05844116210999999
0.010430839   -0.09132385254
0.010453515   -0.22010803222750003
0.01047619   -0.326690673825
0.010498866   -0.409698486325
0.010521542   -0.46813964845
0.010544218000000001   -0.5024719238249999
0.010566893   -0.51277160645
0.010589568999999998   -0.5004119873
0.010612245   -0.46714782715000003
0.010634921   -0.41450500487499997
0.010657596   -0.346221923825
0.010680272   -0.263977050775
0.010702948   -0.17227172851499997
0.010725624   -0.0736999511725
0.010748299   0.0271606445325
0.010770975   0.1275634765625
0.010793651000000001   0.22262573242250003
0.010816326999999999   0.30990600585000005
0.010839002   0.38482666015
0.010861678   0.44509887694999994
0.010884353999999999   0.48744201659999997
0.010907028999999999   0.5100250244250001
0.010929705   0.509872436525
0.010952381   0.4872894286999999
0.010975057   0.43937683105
0.010997732   0.36811828612499997
0.011020408   0.272140502925
0.011043084   0.1531982421875
0.01106576   0.01312255859375
0.011088435   -0.1467895507825
0.011111111000000002   -0.32310485840000003
0.011133787   -0.513305664075
0.011156463   -0.713500976575
0.011179138   -0.75
0.011201814   -0.75
0.01122449   -0.75
0.011247166000000001   -0.75
0.011269841000000001   -0.75
0.011292517   -0.75
0.011315193000000001   -0.75
0.011337868000000001   -0.75
0.011360543999999998   -0.75
0.01138322   -0.75
0.011405896   -0.75
0.011428571   -0.75
0.011451247   -0.75
0.011473923   -0.75
0.011496599   -0.75
0.011519274   -0.75
0.01154195   -0.75
0.011564626000000001   -0.75
0.011587301999999999   -0.75
0.011609976999999999   -0.75
0.011632653   -0.75
0.011655328999999999   -0.75
0.011678005   -0.541687011725
0.01170068   -0.2420043945325
0.011723356   0.0617218017575
0.011746032   0.36460876465000003
0.011768707   0.661315917975
0.011791383   0.75
0.011814058999999998   0.75
0.011836735   0.75
0.01185941   0.75
0.011882086000000002   0.75
0.011904762   0.75
0.011927438   0.75
0.011950113   0.75
0.011972789   0.75
0.011995465   0.75
0.012018141000000001   0.75
0.012040816000000001   0.75
0.012063492   0.75
0.012086168000000001   0.75
0.012108843999999999   0.75
0.012131518999999999   0.75
0.012154195   0.75
0.012176871   0.75
0.012199546   0.75
0.012222222   0.75
0.012244898   0.75
0.012267574   0.75
0.012290249   0.6314086914
0.012312925   0.4343414306750001
0.012335601000000002   0.24986267089749997
0.012358276999999999   0.079498291015
0.012380951999999999   -0.0724029541025
0.012403628   -0.20431518554750003
0.012426303999999999   -0.313873291025
0.01244898   -0.400085449225
0.012471655   -0.461730957025
0.012494331000000001   -0.499343872075
0.012517007   -0.5126953125
0.012539683000000001   -0.503463745125
0.012562358000000001   -0.472488403325
0.012585033999999998   -0.42274475097499997
0.01260771   -0.35583496095
0.012630385   -0.27587890625
0.012653061   -0.18455505371000003
0.012675737   -0.0874328613275
0.012698413   0.014190673828250002
0.012721088   0.11405944824250001
0.012743764   0.2106475830075
0.01276644   0.2988433838
0.012789116000000001   0.37559509277500003
0.012811791000000001   0.438232421875
0.012834466999999999   0.48286437987499997
0.012857143   0.508193969725
0.012879818999999999   0.511398315425
0.012902493999999999   0.49140930174999997
0.01292517   0.447387695325
0.012947846   0.37895202637500003
0.012970522   0.285949707025
0.012993197   0.17074584961000003
0.013015873   0.0324249267575
0.013038548999999998   -0.1241302490225
0.013061224   -0.299072265625
0.013083899999999999   -0.4872894286999999
0.013106576000000002   -0.6864929199250001
0.013129252   -0.75
0.013151926999999999   -0.75
0.013174603   -0.75
0.013197279   -0.75
0.013219955   -0.75
0.01324263   -0.75
0.013265306000000001   -0.75
0.013287982   -0.75
0.013310658000000001   -0.75
0.013333333000000001   -0.75
0.013356008999999999   -0.75
0.013378685   -0.75
0.013401361   -0.75
0.013424036   -0.75
0.013446712   -0.75
0.013469388   -0.75
0.013492063   -0.75
0.013514739   -0.75
0.013537415   -0.75
0.013560091000000002   -0.75
0.013582766000000001   -0.75
0.013605441999999999   -0.75
0.013628118   -0.58113098145
0.013650793999999999   -0.2822113037
0.013673468999999999   0.021591186523500002
0.013696145   0.32432556152500003
0.013718821   0.62271118165
0.013741497   0.75
0.013764172   0.75
0.013786848   0.75
0.013809523999999998   0.75
0.013832200000000001   0.75
0.013854875   0.75
0.013877551   0.75
0.013900227   0.75
0.013922902   0.75
0.013945578   0.75
0.013968254   0.75
0.01399093   0.75
0.014013605   0.75
0.014036281000000001   0.75
0.014058957   0.75
0.014081633   0.75
0.014104308000000001   0.75
0.014126983999999999   0.75
0.01414966   0.75
0.014172336   0.75
0.014195011   0.75
0.014217687   0.75
0.014240363   0.657806396475
0.014263039   0.460281372075
0.014285714   0.273208618175
0.01430839   0.101470947265
0.014331066000000002   -0.053634643555
0.014353741000000001   -0.18775939941499997
0.014376416999999999   -0.30090332032499995
0.014399093   -0.38986206055
0.014421769   -0.45501708985
0.014444443999999999   -0.4958343505749999
0.01446712   -0.51208496095
0.014489796000000001   -0.5061340331999999
0.014512472   -0.47760009765
0.014535147   -0.43052673340000003
0.014557823000000001   -0.36544799805
0.014580498999999999   -0.2872467041
0.014603175   -0.1971435546875
0.01462585   -0.1005554199225
0.014648526   0.0005340576172
0.014671202   0.10108947754
0.014693878   0.19813537597749997
0.014716553   0.28755187987499997
0.014739229   0.366439819325
0.014761905   0.43060302735
0.01478458   0.478210449225
0.014807256000000001   0.50605773925
0.014829931999999999   0.51208496095
0.014852608   0.49560546875
0.014875283000000001   0.45463562012500003
0.014897958999999999   0.389251708975
0.014920635   0.300064086925
0.014943311   0.18684387207
0.014965986   0.05241394043
0.014988662   -0.1025390625
0.015011338   -0.27488708495
0.015034013999999998   -0.46157836915
0.015056689   -0.6596374511750001
0.015079365   -0.75
0.015102041   -0.75
0.015124717   -0.75
0.015147391999999999   -0.75
0.015170068   -0.75
0.015192744   -0.75
0.01521542   -0.75
0.015238095   -0.75
0.015260771000000001   -0.75
0.015283447   -0.75
0.015306122   -0.75
0.015328798000000001   -0.75
0.015351473999999999   -0.75
0.01537415   -0.75
0.015396825   -0.75
0.015419501   -0.75
0.015442177   -0.75
0.015464853   -0.75
0.015487528   -0.75
0.015510204   -0.75
0.01553288   -0.75
0.015555556000000002   -0.75
0.015578231000000001   -0.6202697754
0.015600906999999999   -0.32218933105
0.015623583   -0.01899719238275
0.015646259   0.284423828125
0.015668934   0.58349609375
0.01569161   0.75
0.015714286   0.75
0.015736961   0.75
0.015759637   0.75
0.015782313   0.75
0.015804989   0.75
0.015827663999999998   0.75
0.01585034   0.75
0.015873016   0.75
0.015895692   0.75
0.015918367   0.75
0.015941043000000002   0.75
0.015963718999999998   0.75
0.015986395   0.75
0.01600907   0.75
0.016031746   0.75
0.016054422   0.75
0.016077098   0.75
0.016099773   0.75
0.016122449   0.75
0.016145125   0.75
0.0161678   0.75
0.016190476000000002   0.684814453125
0.016213151999999998   0.48599243165
0.016235828   0.29731750487499997
0.016258503   0.12321472168000001
0.016281179   -0.03387451172
0.016303855   -0.1715850830075
0.016326531000000002   -0.286788940425
0.016349206   -0.379638671875
0.016371882   -0.4477691650500001
0.016394558   -0.4916381836
0.016417234   -0.511627197275
0.016439909   -0.5078125
0.016462585   -0.48286437987499997
0.016485261   -0.43754577637500003
0.016507937   -0.37528991700000003
0.016530612   -0.29800415039999995
0.016553288   -0.209884643555
0.016575964   -0.11344909668000001
0.016598639   -0.01312255859375
0.016621315   0.08781433105500001
0.016643991   0.18569946288999997
0.016666667   0.276260375975
0.016689342   0.3565979004
0.016712018000000002   0.42312622069999994
0.016734693999999998   0.47279357909999997
0.01675737   0.503616333
0.016780045   0.5126953125
0.016802721   0.4990386963000001
0.016825397   0.46157836915
0.016848073   0.399246215825
0.016870748   0.31333923340000003
0.016893424   0.20309448242250003
0.016916099999999996   0.0716400146475
0.016938776000000003   -0.0811767578125
0.016961451000000002   -0.25077819825000003
0.016984126999999998   -0.43624877930000006
0.017006803   -0.632705688475
0.017029478   -0.75
0.017052154   -0.75
0.01707483   -0.75
0.017097506000000002   -0.75
0.017120181   -0.75
0.017142857   -0.75
0.017165533   -0.75
0.017188209   -0.75
0.017210884   -0.75
0.01723356   -0.75
0.017256236   -0.75
0.017278912   -0.75
0.017301587   -0.75
0.017324263   -0.75
0.017346939   -0.75
0.017369615   -0.75
0.01739229   -0.75
0.017414966   -0.75
0.017437642   -0.75
0.017460317   -0.75
0.017482993   -0.75
0.017505668999999998   -0.75
0.017528345   -0.6591796875
0.01755102   -0.36216735840000003
0.017573696   -0.05943298339749999
0.017596372   0.2444458007825
0.017619048000000002   0.543975830075
0.017641723   0.75
0.017664399   0.75
0.017687075   0.75
0.017709751   0.75
0.017732426000000003   0.75
0.017755102   0.75
0.017777778   0.75
0.017800454   0.75
0.017823129   0.75
0.017845805   0.75
0.017868481000000002   0.75
0.017891156000000002   0.75
0.017913832   0.75
0.017936508   0.75
0.017959184   0.75
0.017981859   0.75
0.018004535   0.75
0.018027211   0.75
0.018049887   0.75
0.018072562   0.75
0.018095238   0.75
0.018117914   0.75
0.01814059   0.7120513916
0.018163265   0.5117034911999999
0.018185941   0.32165527345
0.018208617   0.14549255371
0.018231293   -0.014190673828250002
0.018253968   -0.1543426513675
0.018276643999999998   -0.273056030275
0.01829932   -0.36849975585
0.018321995   -0.44029235840000003
0.018344671   -0.487060546875
0.018367347   -0.51040649415
0.018390023000000002   -0.50956726075
0.018412698   -0.48744201659999997
0.018435373999999997   -0.4445648193249999
0.01845805   -0.384445190425
0.018480726   -0.30906677245
0.018503401000000003   -0.22216796875
0.018526077   -0.1264953613275
0.018548753   -0.026626586914999997
0.018571429   0.0747680664075
0.018594104   0.1727294921875
0.01861678   0.264968872075
0.018639456000000002   0.346450805675
0.018662131999999998   0.415344238275
0.018684807   0.4672241211
0.018707483   0.500793457025
0.018730159   0.51261901855
0.018752834   0.502395629875
0.01877551   0.4677581786999999
0.018798186   0.4091644287
0.018820862   0.325927734375
0.018843537   0.2191925048825
0.018866213   0.09017944336
0.018888889   -0.05958557129000001
0.018911565   -0.22750854492250003
0.01893424   -0.410766601575
0.018956916   -0.6061553955
0.018979592   -0.75
0.019002268   -0.75
0.019024943   -0.75
0.019047619   -0.75
0.019070295   -0.75
0.019092971   -0.75
0.019115646   -0.75
0.019138322   -0.75
0.019160998000000002   -0.75
0.019183673000000002   -0.75
0.019206348999999998   -0.75
0.019229025   -0.75
0.019251701   -0.75
0.019274376   -0.75
0.019297052   -0.75
0.019319728   -0.75
0.019342404   -0.75
0.019365079   -0.75
0.019387755   -0.75
0.019410431000000002   -0.75
0.019433106999999998   -0.75
0.019455781999999998   -0.75
0.019478458   -0.698013305675
0.019501134   -0.40199279784999997
0.01952381   -0.09979248046999999
0.019546485   0.2041625976575
0.019569161   0.5046081543000001
0.019591837   0.75
0.019614512   0.75
0.019637188   0.75
0.019659864   0.75
0.01968254   0.75
0.019705215   0.75
0.019727891   0.75
0.019750567   0.75
0.019773243   0.75
0.019795918   0.75
0.019818594   0.75
0.01984127   0.75
0.019863946   0.75
0.019886621   0.75
0.019909297   0.75
0.019931973000000002   0.75
0.019954648999999998   0.75
0.019977323999999998   0.75
0.02   0.75
0.020022676   0.75
0.020045351   0.75
0.020068027   0.75
0.020090703   0.73905944825
0.020113379   0.53787231445
0.020136054   0.346221923825
0.02015873   0.1679229736325
0.020181406000000002   0.005874633788999999
0.020204081999999998   -0.136795043945
0.020226756999999998   -0.25871276855
0.020249433   -0.35713195799999997
0.020272109   -0.4320526123
0.020294785   -0.4824066161999999
0.02031746   -0.5085754394499999
0.020340136   -0.5110168456999999
0.020362812   -0.4916381836
0.020385488   -0.45127868652500003
0.020408163   -0.393295288075
0.020430839   -0.31997680665
0.020453515   -0.23406982422
0.02047619   -0.1396179199225
0.020498866   -0.04020690918
0.020521542   0.0615692138675
0.020544218   0.159912109375
0.020566893   0.25321960450000003
0.020589569   0.33638000487499997
0.020612245   0.40702819825000003
0.020634921   0.4613494873
0.020657596   0.49751281737499997
0.020680272   0.512313842775
0.020702948   0.5051422119250001
0.020725623999999998   0.4737854004
0.020748298999999998   0.4182434082
0.020770975   0.3384399414
0.020793651   0.2346801757825
0.020816327   0.10856628418000001
0.020839002   -0.0386810302725
0.020861678   -0.20423889160249997
0.020884353999999997   -0.38566589355
0.020907029   -0.57960510255
0.020929705   -0.75
0.020952381000000003   -0.75
0.020975057000000002   -0.75
0.020997732   -0.75
0.021020407999999997   -0.75
0.021043084   -0.75
0.02106576   -0.75
0.021088435   -0.75
0.021111111000000002   -0.75
0.021133787   -0.75
0.021156462999999997   -0.75
0.021179137999999997   -0.75
0.021201814   -0.75
0.02122449   -0.75
0.021247166   -0.75
0.021269841   -0.75
0.021292517   -0.75
0.021315193   -0.75
0.021337868   -0.75
0.021360544   -0.75
0.02138322   -0.75
0.021405896   -0.75
0.021428571   -0.7364654541
0.021451247000000003   -0.4418182373
0.021473923   -0.1399993896475
0.021496598999999998   0.163650512695
0.021519273999999998   0.4653167724499999
0.02154195   0.75
0.021564626   0.75
0.021587302000000003   0.75
0.021609977000000002   0.75
0.021632652999999998   0.75
0.021655328999999997   0.75
0.021678005   0.75
0.02170068   0.75
0.021723356   0.75
0.021746032000000002   0.75
0.021768707   0.75
0.021791382999999998   0.75
0.021814059   0.75
0.021836735   0.75
0.02185941   0.75
0.021882086000000002   0.75
0.021904762   0.75
0.021927437999999997   0.75
0.021950112999999997   0.75
0.021972789   0.75
0.021995465   0.75
0.022018141   0.75
0.022040816   0.75
0.022063492   0.564193725575
0.022086168   0.3709411621
0.022108844   0.1907348632825
0.022131519   0.0263977050775
0.022154195   -0.11909484863249999
0.022176871   -0.24375915527249997
0.022199546   -0.345382690425
0.022222222000000003   -0.423660278325
0.022244898   -0.4769897461
0.022267574   -0.506515502925
0.022290248999999998   -0.512008667
0.022312925   -0.4953765869250001
0.022335601   -0.457763671875
0.022358277000000003   -0.40214538575000003
0.022380952000000003   -0.330200195325
0.022403628   -0.24620056152249997
0.022426303999999998   -0.15266418457
0.02244898   -0.05325317382750001
0.022471655   0.04768371582
0.022494331   0.14747619629
0.022517007000000002   0.2410125732425
0.022539682999999998   0.32630920409999997
0.022562357999999998   0.398178100575
0.022585034   0.4555511474499999
0.02260771   0.493469238275
0.022630385   0.5119323730500001
0.022653061000000002   0.50720214845
0.022675737   0.4795074463000001
0.022698412999999997   0.426940917975
0.022721087999999997   0.350494384775
0.022743764   0.2497100830075
0.02276644   0.12664794922
0.022789116   -0.01800537109375
0.022811791   -0.1813507080075
0.022834467   -0.36064147950000003
0.022857142999999996   -0.5534362793
0.022879819   -0.75
0.022902494   -0.75
0.02292517   -0.75
0.022947846   -0.75
0.022970522   -0.75
0.022993197000000003   -0.75
0.023015873   -0.75
0.023038549   -0.75
0.023061223999999998   -0.75
0.023083900000000004   -0.75
0.023106576   -0.75
0.023129252000000003   -0.75
0.023151927000000003   -0.75
0.023174603   -0.75
0.023197278999999998   -0.75
0.023219955   -0.75
0.02324263   -0.75
0.023265306   -0.75
0.023287982000000002   -0.75
0.023310657999999998   -0.75
0.023333332999999998   -0.75
0.023356009   -0.75
0.023378685   -0.75
0.023401361000000002   -0.481262207025
0.023424036000000002   -0.1806640625
0.023446712   0.12382507324250001
0.023469387999999997   0.425109863275
0.023492062999999997   0.72090148925
0.023514739   0.75
0.023537415   0.75
0.023560091000000002   0.75
0.023582766   0.75
0.023605442   0.75
0.023628117999999997   0.75
0.023650794   0.75
0.023673469   0.75
0.023696145   0.75
0.023718821   0.75
0.023741497   0.75
0.023764172000000004   0.75
0.023786848   0.75
0.023809524   0.75
0.0238322   0.75
0.023854875   0.75
0.023877551   0.75
0.023900227000000003   0.75
0.023922902000000003   0.75
0.023945578   0.75
0.023968253999999998   0.75
0.02399093   0.75
0.024013605   0.590438842775
0.024036281   0.396118164075
0.024058957000000002   0.213623046875
0.024081632999999998   0.04745483398499999
0.024104307999999998   -0.10124206543000001
0.024126984   -0.22819519043
0.02414966   -0.333404541025
0.024172336000000003   -0.414581298825
0.024195011000000002   -0.47119140625
0.024217687   -0.504302978525
0.024240362999999997   -0.5122375488249999
0.024263039   -0.499191284175
0.024285714   -0.46348571777500003
0.02430839   -0.410766601575
0.024331066000000002   -0.34034729005
0.024353741   -0.25817871094999995
0.024376417   -0.1653289794925
0.024399092999999997   -0.0666809082025
0.024421769   0.034255981445
0.024444444   0.13442993164
0.02446712   0.22918701172
0.024489796   0.315399169925
0.024512472   0.38978576659999997
0.024535147   0.44853210450000003
0.024557823   0.48988342284999997
0.024580499   0.510559082025
0.024603175   0.5092620849499999
0.02462585   0.484466552725
0.024648526   0.43540954590000003
0.024671202000000003   0.36201477049999997
0.024693878   0.26443481445
0.024716553   0.14419555664
0.024739228999999998   0.0023651123047
0.024761905   -0.158615112305
0.02478458   -0.33607482909999997
0.024807256   -0.5271148681750001
0.024829932000000002   -0.727920532225
0.024852607999999998   -0.75
0.024875282999999998   -0.75
0.024897959   -0.75
0.024920635   -0.75
0.024943311   -0.75
0.024965986000000003   -0.75
0.024988662000000002   -0.75
0.025011337999999998   -0.75
0.025034014   -0.75
0.025056689   -0.75
0.025079365   -0.75
0.025102041000000002   -0.75
0.025124717   -0.75
0.025147392   -0.75
0.025170067999999997   -0.75
0.025192744   -0.75
0.02521542   -0.75
0.025238095   -0.75
0.025260771   -0.75
0.025283447   -0.75
0.025306122   -0.75
0.025328798   -0.75
0.025351474   -0.521087646475
0.02537415   -0.22048950195249997
0.025396825   0.08293151855500001
0.025419501   0.38581848145
0.025442177000000003   0.68183898925
0.025464853   0.75
0.025487528   0.75
0.025510203999999998   0.75
0.02553288   0.75
0.025555556   0.75
0.025578231   0.75
0.025600907000000003   0.75
0.025623583   0.75
0.025646258999999998   0.75
0.025668933999999997   0.75
0.02569161   0.75
0.025714286   0.75
0.025736961000000003   0.75
0.025759637000000002   0.75
0.025782312999999998   0.75
0.025804989   0.75
0.025827664   0.75
0.02585034   0.75
0.025873016000000002   0.75
0.025895692   0.75
0.025918367   0.75
0.025941042999999997   0.75
0.025963719   0.6167602539
0.025986395   0.4213714599499999
0.02600907   0.23704528808499997
0.026031746   0.068359375
0.026054422   -0.0823974609375
0.026077097999999996   -0.2127075195325
0.026099773   -0.32081604005
0.026122449   -0.4051208496
0.026145125   -0.4653167724499999
0.026167799999999998   -0.5009460449250001
0.026190476   -0.51277160645
0.026213152000000003   -0.50201416015
0.026235828   -0.46943664549999997
0.026258503   -0.418777465825
0.026281178999999998   -0.350494384775
0.026303855   -0.269699096675
0.026326531   -0.178146362305
0.026349206   -0.08003234863249999
0.026371882000000003   0.02090454101575
0.026394558   0.1213073730475
0.026417233999999998   0.21705627441500003
0.026439908999999998   0.30448913575000003
0.026462585   0.38078308105
0.026485261   0.4416656494250001
0.026507937000000002   0.4856109619250001
0.026530612000000002   0.508956909175
0.026553287999999998   0.510864257825
0.026575964   0.48904418944999994
0.026598639   0.44342041015
0.026621315   0.373077392575
0.026643991000000002   0.27893066407499995
0.026666667   0.16136169433500003
0.026689342   0.02227783203125
0.026712017999999997   -0.1361846923825
0.026734694   -0.3116607666
0.02675737   -0.501022338875
0.026780045   -0.70083618165
0.026802721   -0.75
0.026825397   -0.75
0.026848072999999997   -0.75
0.026870748   -0.75
0.026893424   -0.75
0.026916100000000002   -0.75
0.026938776   -0.75
0.026961451   -0.75
0.026984127000000004   -0.75
0.027006803   -0.75
0.027029478   -0.75
0.027052154   -0.75
0.02707483   -0.75
0.027097506   -0.75
0.027120181   -0.75
0.027142857000000003   -0.75
0.027165533   -0.75
0.027188208999999998   -0.75
0.027210883999999998   -0.75
0.02723356   -0.75
0.027256236   -0.75
0.027278912000000002   -0.75
0.027301587000000002   -0.560302734375
0.027324262999999998   -0.260925292975
0.027346939   0.04287719726500001
0.027369615   0.345611572275
0.02739229   0.643234252925
0.027414966000000002   0.75
0.027437642   0.75
0.027460317   0.75
0.027482992999999997   0.75
0.027505669   0.75
0.027528345   0.75
0.02755102   0.75
0.027573696   0.75
0.027596372   0.75
0.027619047999999997   0.75
0.027641722999999997   0.75
0.027664399   0.75
0.027687075   0.75
0.027709751   0.75
0.027732426   0.75
0.027755102   0.75
0.027777778   0.75
0.027800454   0.75
0.027823129   0.75
0.027845805   0.75
0.027868481   0.75
0.027891156   0.75
0.027913832000000003   0.643463134775
0.027936508   0.4468536377
0.027959183999999998   0.26054382325000003
0.027981858999999998   0.090103149415
0.028004535   -0.0639343261725
0.028027211   -0.19630432128999997
0.028049887000000003   -0.307998657225
0.028072562000000002   -0.395202636725
0.028095237999999998   -0.4587554931750001
0.028117914   -0.49758911132499994
0.02814059   -0.51261901855
0.028163265   -0.50453186035
0.028185941000000003   -0.4751586914
0.028208617000000002   -0.4263305664
0.028231292999999998   -0.36056518555
0.028253967999999997   -0.2808380127
0.028276644   -0.1909637451175
0.02829932   -0.0932312011725
0.028321995   0.007400512695249999
0.028344671000000002   0.1081848144525
0.028367347   0.20469665527250003
0.028390022999999997   0.29365539549999997
0.028412697999999997   0.37117004395
0.028435374   0.4347991943249999
0.02845805   0.480651855475
0.028480726   0.50720214845
0.028503401   0.5118560791
0.028526077   0.4933929443249999
0.028548753   0.45089721680000006
0.028571429   0.383758544925
0.028594104   0.29281616210000005
0.02861678   0.178146362305
0.028639456   0.0421905517575
0.028662132000000003   -0.1142883300775
0.028684807000000003   -0.28747558594999995
0.028707483   -0.4751586914
0.028730158999999998   -0.67390441895
0.028752833999999998   -0.75
0.02877551   -0.75
0.028798186   -0.75
0.028820862000000003   -0.75
0.028843537000000002   -0.75
0.028866212999999998   -0.75
0.028888888999999997   -0.75
0.028911565   -0.75
0.02893424   -0.75
0.028956916   -0.75
0.028979592000000002   -0.75
0.029002267999999998   -0.75
0.029024942999999997   -0.75
0.029047619   -0.75
0.029070295   -0.75
0.029092971000000002   -0.75
0.029115646000000002   -0.75
0.029138322   -0.75
0.029160997999999997   -0.75
0.029183672999999997   -0.75
0.029206349   -0.75
0.029229025   -0.75
0.029251701   -0.5995941162
0.029274376   -0.30090332032499995
0.029297052   0.002212524414075
0.029319728   0.3059387207
0.029342404   0.60401916505
0.029365079   0.75
0.029387755   0.75
0.029410431   0.75
0.029433107000000003   0.75
0.029455782000000003   0.75
0.029478458   0.75
0.029501134   0.75
0.02952381   0.75
0.029546485   0.75
0.029569161   0.75
0.029591837000000003   0.75
0.029614512000000003   0.75
0.029637188   0.75
0.029659863999999998   0.75
0.02968254   0.75
0.029705215   0.75
0.029727891   0.75
0.029750567000000002   0.75
0.029773242999999998   0.75
0.029795917999999998   0.75
0.029818594   0.75
0.02984127   0.75
0.029863946000000002   0.67039489745
0.029886621000000002   0.472488403325
0.029909297   0.284347534175
0.029931972999999997   0.1119232177725
0.029954649   -0.0446319580075
0.029977324   -0.1799774169925
0.03   -0.29457092285
0.030022676   -0.38490295409999997
0.030045351   -0.45181274415
0.030068027   -0.49369812012500003
0.030090702999999996   -0.512161254875
0.030113379   -0.506744384775
0.030136054   -0.4803466797
0.03015873   -0.43365478515
0.030181406   -0.37033081055
0.030204082   -0.2921295166
0.030226757000000003   -0.20339965820249997
0.030249433   -0.106353759765
0.030272109   -0.006179809570249999
0.030294785   0.09513854980500001
0.03031746   0.19203186035249997
0.030340136   0.28259277344999995
0.030362812000000003   0.3614807129
0.030385488   0.4273223877
0.030408163   0.47569274902500003
0.030430838999999998   0.504837036125
0.030453515   0.51261901855
0.03047619   0.49713134765
0.030498866   0.4579925536999999
0.030521542000000002   0.394134521475
0.030544217999999998   0.3060913086
0.030566892999999998   0.19485473632749997
0.030589569   0.06118774414000001
0.030612245   -0.09223937988249999
0.030634921000000002   -0.26359558105
0.030657596000000002   -0.449523925775
0.030680272   -0.6470489502
0.030702947999999997   -0.75
0.030725624   -0.75
0.030748299   -0.75
0.030770975   -0.75
0.030793651000000002   -0.75
0.030816327   -0.75
0.030839002   -0.75
0.030861677999999997   -0.75
0.030884354   -0.75
0.030907029   -0.75
0.030929705   -0.75
0.030952381   -0.75
0.030975057   -0.75
0.030997732000000004   -0.75
0.031020408   -0.75
0.031043084   -0.75
0.03106576   -0.75
0.031088435   -0.75
0.031111111   -0.75
0.031133787000000003   -0.75
0.031156463   -0.75
0.031179138   -0.75
0.031201813999999998   -0.63873291015
0.03122449   -0.340728759775
0.031247166   -0.0382232666025
0.031269841   0.265655517575
0.031292517   0.56495666505
0.031315193   0.75
0.031337868   0.75
0.031360544   0.75
0.03138322   0.75
0.031405896   0.75
0.031428571   0.75
0.031451247   0.75
0.031473923   0.75
0.031496599   0.75
0.031519274   0.75
0.03154195   0.75
0.031564626   0.75
0.031587302000000005   0.75
0.031609977000000004   0.75
0.031632653   0.75
0.031655328999999996   0.75
0.031678005   0.75
0.03170068   0.75
0.031723356   0.75
0.031746032   0.75
0.031768707   0.75
0.031791383   0.75
0.031814059   0.69763183595
0.031836735   0.49797058105
0.03185941   0.308761596675
0.031882086000000004   0.1337432861325
0.031904762   -0.024871826172
0.031927437999999995   -0.16319274902250003
0.031950112999999995   -0.28060913085000005
0.031972789   -0.37437438965000003
0.031995465   -0.44425964355
0.032018141   -0.489654541025
0.032040816   -0.5110168456999999
0.032063492   -0.5086517334
0.032086168   -0.4852294922
0.032108844   -0.440673828125
0.032131519   -0.3798675537
0.032154195   -0.303039550775
0.032176871   -0.215759277345
0.032199546   -0.11962890625
0.032222222   -0.0193786621095
0.032244898   0.08148193359499999
0.032267574   0.17982482910249997
0.032290249   0.270767211925
0.032312925   0.352020263675
0.032335601   0.41938781737499997
0.032358277000000005   0.47035217284999997
0.032380952000000005   0.5021667480500001
0.032403628   0.5128479004
0.032426303999999996   0.5005645752
0.03244898   0.46455383299999997
0.032471655   0.404052734375
0.032494331   0.3192138672
0.032517007   0.21080017089749997
0.032539683   0.080337524415
0.032562358   -0.07095336914
0.032585034   -0.2397918701175
0.03260771   -0.42427062987499997
0.032630385   -0.6201171875
0.032653061000000004   -0.75
0.032675737   -0.75
0.032698412999999996   -0.75
0.032721087999999995   -0.75
0.032743764   -0.75
0.03276644   -0.75
0.032789116   -0.75
0.032811791   -0.75
0.032834467   -0.75
0.032857143   -0.75
0.032879819   -0.75
0.032902494   -0.75
0.03292517   -0.75
0.032947846   -0.75
0.032970522   -0.75
0.032993197   -0.75
0.033015873   -0.75
0.033038549   -0.75
0.033061224   -0.75
0.0330839   -0.75
0.033106576   -0.75
0.033129252000000005   -0.75
0.033151927000000005   -0.677490234375
0.033174603   -0.380859375
0.033197278999999996   -0.0785064697275
0.033219955   0.225524902345
0.03324263   0.525512695325
0.033265306   0.75
0.033287982   0.75
0.033310658   0.75
0.033333333   0.75
0.033356009   0.75
0.033378685   0.75
0.033401361   0.75
0.033424036000000004   0.75
0.033446712   0.75
0.033469387999999996   0.75
0.033492062999999996   0.75
0.033514739   0.75
0.033537415   0.75
0.033560091   0.75
0.033582766   0.75
0.033605442   0.75
0.033628118   0.75
0.033650794   0.75
0.033673469   0.75
0.033696145   0.75
0.033718821   0.75
0.033741497   0.75
0.033764172   0.7246398925749999
0.033786848   0.5239868164
0.033809524   0.333251953125
0.03383219999999999   0.156021118165
0.033854875   -0.004959106445249999
0.033877551   -0.1458740234375
0.033900227000000005   -0.26664733887500003
0.033922902000000005   -0.3628540039
0.033945578   -0.4367828369250001
0.033968253999999996   -0.484771728525
0.03399093   -0.5096435547
0.034013605   -0.5103302002
0.034036281   -0.4892730713000001
0.034058957   -0.447998046875
0.034081633   -0.38856506347499997
0.034104308   -0.3141784668
0.034126984   -0.22789001464749997
0.03414966   -0.1325225830075
0.034172336   -0.03318786621
0.034195011000000004   0.0686645507825
0.034217687000000004   0.1666259765625
0.034240362999999996   0.25947570799999997
0.034263039   0.34187316895
0.034285714   0.411300659175
0.03430839   0.46470642090000003
0.034331066   0.4990386963000001
0.034353741   0.5126953125
0.034376417   0.5036926269499999
0.034399093   0.47065734862499997
0.034421769   0.4135131836
0.034444444   0.3318786621
0.03446712   0.2264404296875
0.034489796   0.099029541015
0.034512472   -0.04997253418
0.034535147   -0.21621704101499997
0.034557823   -0.399169921875
0.034580499   -0.593490600575
0.034603175   -0.75
0.03462585   -0.75
0.034648526   -0.75
0.034671202000000005   -0.75
0.034693878   -0.75
0.034716553   -0.75
0.034739228999999996   -0.75
0.034761905   -0.75
0.03478458   -0.75
0.034807256   -0.75
0.034829932   -0.75
0.034852608   -0.75
0.034875283   -0.75
0.034897959   -0.75
0.034920635   -0.75
0.034943311   -0.75
0.034965986   -0.75
0.034988662000000004   -0.75
0.035011337999999996   -0.75
0.035034014   -0.75
0.035056689   -0.75
0.035079365   -0.75
0.035102041   -0.715866088875
0.035124717   -0.42083740235
0.035147392   -0.1188659667975
0.035170068   0.18539428711000003
0.035192744   0.48583984375
0.03521542   0.75
0.035238095   0.75
0.035260771   0.75
0.035283447   0.75
0.035306122   0.75
0.035328798   0.75
0.035351474   0.75
0.03537415   0.75
0.035396825   0.75
0.035419501   0.75
0.035442177000000005   0.75
0.035464853   0.75
0.035487528   0.75
0.035510204   0.75
0.03553288   0.75
0.035555556   0.75
0.035578231   0.75
0.035600907   0.75
0.035623583   0.75
0.035646259   0.75
0.035668934   0.75
0.03569161   0.75
0.035714286   0.75
0.035736961   0.550384521475
0.035759637000000004   0.357666015625
0.035782312999999996   0.17868041992250003
0.035804989   0.0154876708985
0.035827664   -0.1285552978525
0.03585034   -0.2515411377
0.035873016   -0.351867675775
0.035895692   -0.42793273924999997
0.035918367   -0.48019409180000006
0.035941043   -0.5073547363249999
0.035963719   -0.51177978515
0.035986395   -0.49324035645
0.03600907   -0.45448303222499997
0.036031746   -0.397491455075
0.036054422   -0.3247833252
0.036077097999999995   -0.2397918701175
0.036099772999999995   -0.1458740234375
0.036122449   -0.046157836915
0.036145125   0.05477905273499999
0.03616780000000001   0.1543426513675
0.036190476   0.24734497070249997
0.036213152   0.33164978027500003
0.036235828   0.40298461915
0.036258503   0.45852661132499994
0.036281179   0.4958343505749999
0.036303855   0.51208496095
0.036326531   0.50621032715
0.036349206   0.47645568847499997
0.036371882   0.4224395752
0.036394558   0.3441619873
0.036417234   0.24192810058499997
0.036439909   0.116958618165
0.036462585   -0.028762817382500003
0.036485261   -0.1935577392575
0.036507937000000004   -0.373764038075
0.036530612000000004   -0.56732177735
0.036553287999999996   -0.75
0.036575964   -0.75
0.036598639   -0.75
0.036621315   -0.75
0.036643991   -0.75
0.036666667   -0.75
0.036689342   -0.75
0.036712018   -0.75
0.036734694   -0.75
0.03675737   -0.75
0.036780045   -0.75
0.036802721000000004   -0.75
0.036825397   -0.75
0.036848072999999995   -0.75
0.036870747999999995   -0.75
0.036893424   -0.75
0.0369161   -0.75
0.036938776   -0.75
0.036961451   -0.75
0.036984127   -0.75
0.037006803   -0.75
0.037029478   -0.75
0.037052154   -0.75
0.03707483   -0.4604339599499999
0.037097506   -0.1592254638675
0.037120181   0.14503479004
0.037142857   0.44639587402500003
0.037165533   0.740966796875
0.037188209   0.75
0.037210884   0.75
0.03723356   0.75
0.037256236   0.75
0.037278912000000004   0.75
0.037301587000000004   0.75
0.037324262999999996   0.75
0.037346938999999996   0.75
0.037369615   0.75
0.03739229   0.75
0.037414966   0.75
0.037437642   0.75
0.037460317   0.75
0.037482993   0.75
0.037505669   0.75
0.037528345   0.75
0.03755102   0.75
0.037573696000000004   0.75
0.037596372   0.75
0.037619047999999995   0.75
0.037641722999999995   0.75
0.037664399   0.75
0.037687075   0.576629638675
0.037709751   0.3826904297
0.037732426   0.201416015625
0.037755102   0.03631591797
0.037777778   -0.1107025146475
0.037800454   -0.23651123047
0.037823129   -0.339813232425
0.037845805   -0.41938781737499997
0.037868481   -0.47447204590000003
0.037891156   -0.50521850585
0.037913832   -0.5125427246
0.037936508   -0.496902465825
0.037959184   -0.46073913575000003
0.037981859   -0.40596008299999997
0.038004535   -0.3352355957
0.038027211   -0.251770019525
0.038049887000000004   -0.158615112305
0.038072562000000004   -0.05966186523499999
0.038095238   0.04150390625
0.038117913999999996   0.14129638672
0.03814059   0.23544311523500003
0.038163265   0.3212738037
0.038185941   0.394210815425
0.038208617   0.45234680174999997
0.038231293   0.491790771475
0.038253968   0.511322021475
0.038276644   0.5082702636750001
0.03829932   0.4818725586
0.038321995   0.431060791025
0.038344671000000004   0.35591125487499997
0.038367347   0.256652832025
0.038390022999999995   0.1349639892575
0.038412697999999995   -0.0083923339845
0.038435374   -0.17044067382749997
0.03845805   -0.349349975575
0.038480726   -0.540695190425
0.038503401   -0.742568969725
0.038526077   -0.75
0.038548753   -0.75
0.038571429   -0.75
0.038594104   -0.75
0.03861678   -0.75
0.038639456   -0.75
0.038662132   -0.75
0.038684807   -0.75
0.038707483   -0.75
0.038730159   -0.75
0.038752834   -0.75
0.03877551   -0.75
0.038798186   -0.75
0.038820862000000005   -0.75
0.038843537000000004   -0.75
0.038866213   -0.75
0.038888888999999996   -0.75
0.038911565   -0.75
0.03893424   -0.75
0.038956916   -0.75
0.038979592   -0.75
0.039002268   -0.75
0.039024943   -0.49995422362499997
0.039047619   -0.19943237304750003
0.039070295   0.1045227050775
0.039092971000000004   0.40672302245
0.039115646000000004   0.70251464845
0.039138322   0.75
0.039160997999999995   0.75
0.039183672999999995   0.75
0.039206349   0.75
0.039229025   0.75
0.039251701   0.75
0.039274376   0.75
0.039297052   0.75
0.039319728   0.75
0.039342404   0.75
0.039365079   0.75
0.039387755   0.75
0.039410431   0.75
0.039433107   0.75
0.039455782   0.75
0.039478458   0.75
0.039501134   0.75
0.03952381   0.75
0.039546485   0.75
0.039569161   0.75
0.039591837000000005   0.75
0.039614512000000004   0.75
0.039637188   0.6029510498
0.039659863999999996   0.4077911377
0.03968254   0.22476196288999997
0.039705215   0.057067871095
0.039727891   -0.0921630859375
0.039750567   -0.2212524414075
0.039773243   -0.32722473145
0.039795918   -0.410461425775
0.039818594   -0.46836853027500003
0.03984127   -0.5027008056750001
0.039863946000000004   -0.51277160645
0.039886621000000004   -0.500183105475
0.039909297   -0.46676635742500006
0.039931972999999996   -0.41427612305
0.039954649   -0.345306396475
0.039977324   -0.26359558105
0.04   -0.17127990722749997
0.040022676   -0.073165893555
0.040045351   0.028228759765
0.040068027   0.12809753418
0.040090703   0.22361755370999997
0.040113379   0.31021118164999995
0.040136054   0.385513305675
0.04015873   0.445404052725
0.040181406   0.487976074225
0.040204082   0.509719848625
0.040226757   0.5103302002
0.040249433   0.48637390137500003
0.040272109   0.43937683105
0.040294785   0.367279052725
0.04031746   0.27114868164999995
0.040340136   0.15251159668
0.040362812000000005   0.011749267578250002
0.040385488   -0.1480865478525
0.040408163   -0.324401855475
0.040430838999999996   -0.5150604248
0.040453515   -0.714950561525
0.04047619   -0.75
0.040498866   -0.75
0.040521542   -0.75
0.040544218   -0.75
0.040566893   -0.75
0.040589569   -0.75
0.040612245   -0.75
0.040634921000000004   -0.75
0.040657596000000004   -0.75
0.040680272   -0.75
0.040702947999999996   -0.75
0.040725624   -0.75
0.040748299   -0.75
0.040770975   -0.75
0.040793651   -0.75
0.040816327   -0.75
0.040839002   -0.75
0.040861678   -0.75
0.040884354   -0.75
0.040907029   -0.75
0.040929705   -0.75
0.040952381   -0.75
0.040975057   -0.53939819335
0.040997732   -0.23963928222750003
0.041020408   0.0642395019525
0.041043084   0.36674499512500003
0.04106576   0.663757324225
0.041088435   0.75
0.041111111   0.75
0.041133787000000005   0.75
0.041156463   0.75
0.041179138   0.75
0.041201813999999996   0.75
0.04122449   0.75
0.041247166   0.75
0.041269841   0.75
0.041292517   0.75
0.041315193   0.75
0.041337868   0.75
0.041360544   0.75
0.04138322   0.75
0.041405896   0.75
0.041428571000000004   0.75
0.041451247000000004   0.75
0.041473922999999996   0.75
0.041496599   0.75
0.041519274   0.75
0.04154195   0.75
0.041564626   0.75
0.041587302   0.629653930675
0.041609977   0.4330444336
0.041632653   0.24826049804750003
0.041655329   0.07843017578249999
0.041678005   -0.0736236572275
0.04170068   -0.20523071288999997
0.041723356   -0.314636230475
0.041746032   -0.400619506825
0.041768707   -0.46218872069999994
0.041791383   -0.4994964599499999
0.041814059   -0.51277160645
0.041836735   -0.503234863275
0.04185941   -0.4721069336
0.041882086   -0.4224395752
0.041904762000000005   -0.355148315425
0.041927438   -0.27519226075000003
0.041950113   -0.184020996095
0.041972789   -0.0862121582025
0.041995465   0.014419555664
0.042018140999999995   0.11528015136750001
0.042040815999999995   0.21102905273500003
0.042063492   0.29960632325000003
0.042086168   0.376281738275
0.042108844000000006   0.438385009775
0.042131519000000006   0.4833984375
0.042154195   0.508117675775
0.042176871   0.511398315425
0.042199546   0.49118041992500006
0.042222222000000004   0.44692993165
0.042244897999999996   0.37826538085
0.042267574   0.285339355475
0.042290249   0.16944885253999997
0.042312925   0.031509399415
0.042335600999999994   -0.125579833985
0.042358277   -0.3003692627
0.042380952   -0.48881530762500003
0.042403628   -0.688171386725
0.042426304000000005   -0.75
0.04244898   -0.75
0.042471655   -0.75
0.042494330999999996   -0.75
0.042517007   -0.75
0.042539682999999995   -0.75
0.042562358   -0.75
0.042585034   -0.75
0.04260771   -0.75
0.042630385   -0.75
0.042653061   -0.75
0.042675737000000005   -0.75
0.042698413   -0.75
0.042721088   -0.75
0.042743764000000004   -0.75
0.04276644   -0.75
0.042789115999999995   -0.75
0.042811790999999995   -0.75
0.042834467   -0.75
0.042857143   -0.75
0.042879819000000007   -0.75
0.042902494000000006   -0.75
0.04292517   -0.578994750975
0.042947846   -0.279464721675
0.042970522000000004   0.02349853515625
0.042993197000000004   0.3269958496
0.043015872999999996   0.6248474121
0.043038549   0.75
0.043061224   0.75
0.0430839   0.75
0.043106575999999994   0.75
0.043129252   0.75
0.043151927   0.75
0.043174603   0.75
0.043197279000000005   0.75
0.043219955   0.75
0.04324263   0.75
0.043265305999999996   0.75
0.043287982   0.75
0.043310657999999995   0.75
0.043333332999999995   0.75
0.043356009   0.75
0.043378685   0.75
0.043401361   0.75
0.043424036   0.75
0.043446712   0.75
0.043469388   0.75
0.043492063   0.75
0.043514739000000004   0.75
0.043537415   0.656509399425
0.043560090999999995   0.45845031737499997
0.043582765999999995   0.272140502925
0.043605442   0.099868774415
0.043628118   -0.05447387695250001
0.04365079400000001   -0.18898010253999997
0.043673469000000006   -0.301513671875
0.043696145   -0.3904724121
0.043718821   -0.4555511474499999
0.043741497000000004   -0.4958343505749999
0.043764172000000004   -0.5124664306750001
0.043786847999999996   -0.50552368165
0.043809524   -0.47775268555000006
0.043832199999999995   -0.4296875
0.043854875   -0.3652191162
0.043877550999999994   -0.28633117674999997
0.043900227   -0.196533203125
0.043922902   -0.0997161865225
0.043945578   0.001220703125
0.043968254000000005   0.1019287109375
0.04399093   0.19882202148500003
0.044013605   0.288391113275
0.044036281   0.366821289075
0.044058957   0.4311370849499999
0.044081632999999995   0.47843933105
0.044104307999999995   0.5061340331999999
0.044126984   0.5122375488249999
0.04414966   0.49522399902500003
0.044172336   0.4542541504
0.044195011   0.38871765137500003
0.044217687   0.299148559575
0.044240363   0.1860809326175
0.044263039000000004   0.051040649415
0.044285714000000004   -0.103759765625
0.04430839   -0.276260375975
0.044331065999999995   -0.46310424805000006
0.044353740999999995   -0.661087036125
0.044376417   -0.75
0.044399093   -0.75
0.04442176900000001   -0.75
0.04444444400000001   -0.75
0.04446712   -0.75
0.044489796   -0.75
0.044512472000000004   -0.75
0.044535147000000004   -0.75
0.044557822999999996   -0.75
0.044580499   -0.75
0.044603175   -0.75
0.04462585   -0.75
0.044648525999999994   -0.75
0.044671202   -0.75
0.044693878   -0.75
0.044716553   -0.75
0.044739229000000005   -0.75
0.044761905   -0.75
0.04478458   -0.75
0.044807256   -0.75
0.044829932   -0.75
0.044852607999999995   -0.75
0.044875282999999995   -0.61782836915
0.044897959   -0.31982421875
0.044920635   -0.0167083740235
0.044943311   0.286865234375
0.044965986   0.5857849121
0.044988662   0.75
0.045011338   0.75
0.045034014000000004   0.75
0.045056689000000004   0.75
0.045079365   0.75
0.045102040999999995   0.75
0.045124717   0.75
0.045147392   0.75
0.045170068   0.75
0.04519274400000001   0.75
0.04521542   0.75
0.045238095   0.75
0.045260771   0.75
0.045283447000000004   0.75
0.045306122000000004   0.75
0.045328798   0.75
0.045351474   0.75
0.04537415   0.75
0.045396825   0.75
0.045419500999999994   0.75
0.045442177   0.75
0.045464853   0.75
0.045487528   0.6831359863249999
0.045510204000000005   0.4843902588000001
0.04553288   0.29594421387500003
0.045555556   0.12199401855500001
0.045578231   -0.035247802735
0.045600907   -0.17227172851499997
0.045623582999999995   -0.287780761725
0.045646259   -0.380401611325
0.045668934   -0.447845458975
0.04569161   -0.49224853515
0.04571428599999999   -0.511398315425
0.045736961   -0.50788879395
0.045759637   -0.48248291015
0.045782313   -0.4372406005749999
0.045804989000000004   -0.37452697755
0.045827664000000004   -0.297622680675
0.04585034   -0.20896911621000003
0.045873015999999996   -0.11283874511750001
0.045895692   -0.01220703125
0.045918367   0.08857727050749999
0.045941043   0.18638610839750003
0.04596371900000001   0.277023315425
0.045986395   0.357055664075
0.04600907   0.423583984375
0.046031746   0.47325134277500003
0.046054422000000005   0.5036926269499999
0.046077098   0.5126953125
0.046099773   0.49888610840000003
0.046122449   0.46096801757499994
0.046145125   0.39894104005
0.04616780000000001   0.31242370605
0.046190475999999994   0.20233154297
0.046213152   0.0702667236325
0.046235828   -0.0821685791025
0.046258503   -0.25253295897499994
0.046281179000000006   -0.437316894525
0.046303855   -0.63468933105
0.046326531   -0.75
0.046349206   -0.75
0.046371882   -0.75
0.046394557999999995   -0.75
0.046417234   -0.75
0.046439909   -0.75
0.046462585   -0.75
0.04648526099999999   -0.75
0.046507937   -0.75
0.046530612   -0.75
0.046553288   -0.75
0.046575964000000004   -0.75
0.046598639000000004   -0.75
0.046621315   -0.75
0.046643990999999996   -0.75
0.046666667   -0.75
0.046689342   -0.75
0.046712018   -0.75
0.04673469400000001   -0.75
0.04675737   -0.75
0.046780045   -0.75
0.046802721   -0.75
0.046825397000000005   -0.6568145752
0.046848073   -0.3598022461
0.046870748   -0.057067871095
0.046893424   0.246658325195
0.0469161   0.546646118175
0.046938775999999995   0.75
0.046961450999999994   0.75
0.046984127   0.75
0.047006803   0.75
0.047029478   0.75
0.047052154000000006   0.75
0.04707483   0.75
0.047097506   0.75
0.047120181   0.75
0.047142857   0.75
0.047165532999999996   0.75
0.047188209   0.75
0.047210884   0.75
0.04723356   0.75
0.04725623599999999   0.75
0.047278912   0.75
0.047301587   0.75
0.047324263   0.75
0.047346939000000005   0.75
0.047369615   0.75
0.04739229   0.75
0.047414965999999996   0.75
0.047437642   0.7103729248
0.047460317   0.51025390625
0.047482993   0.320129394525
0.047505669   0.1443481445325
0.047528345   -0.01556396484375
0.04755102   -0.15525817871
0.047573696   -0.273818969725
0.047596372000000005   -0.36933898924999997
0.047619048   -0.4404449463000001
0.047641723   -0.48759460450000003
0.047664399   -0.5103302002
0.047687075   -0.5096435547
0.047709750999999995   -0.486907958975
0.047732425999999994   -0.4444885254
0.047755102   -0.383605957025
0.047777778   -0.30868530272500005
0.047800454000000006   -0.22117614745999997
0.047823129000000006   -0.1260375976575
0.047845805   -0.025482177735
0.047868481   0.0750732421875
0.047891156   0.1740264892575
0.047913832   0.26512145995
0.047936507999999996   0.34751892090000003
0.047959184   0.41542053222499997
0.047981859   0.46783447265
0.048004535   0.500793457025
0.04802721099999999   0.51277160645
0.048049887   0.5020904541
0.048072562   0.467529296875
0.048095238   0.4084777832
0.048117914000000005   0.32524108887500003
0.04814059   0.21835327148500003
0.048163265   0.088958740235
0.048185940999999996   -0.06080627441500001
0.048208617   -0.2288818359375
0.048231293   -0.41221618652500003
0.048253968   -0.60775756835
0.048276644   -0.75
0.04829932   -0.75
0.048321995   -0.75
0.048344671   -0.75
0.048367347000000005   -0.75
0.048390023   -0.75
0.048412698   -0.75
0.048435374   -0.75
0.04845805   -0.75
0.048480725999999995   -0.75
0.048503400999999995   -0.75
0.048526077   -0.75
0.048548753   -0.75
0.048571429000000006   -0.75
0.048594104000000006   -0.75
0.04861678   -0.75
0.048639456   -0.75
0.048662132000000004   -0.75
0.048684807000000004   -0.75
0.048707482999999996   -0.75
0.048730159   -0.75
0.048752834   -0.75
0.04877551   -0.695495605475
0.04879818599999999   -0.39978027345
0.048820862   -0.097427368165
0.048843537   0.20668029785249997
0.048866213   0.506744384775
0.048888889000000005   0.75
0.048911565   0.75
0.04893424   0.75
0.048956915999999996   0.75
0.048979592   0.75
0.049002268   0.75
0.049024943   0.75
0.049047619   0.75
0.049070295   0.75
0.049092971   0.75
0.049115646   0.75
0.049138322000000005   0.75
0.049160998   0.75
0.049183673   0.75
0.049206349   0.75
0.049229025   0.75
0.049251700999999995   0.75
0.049274375999999995   0.75
0.049297052   0.75
0.049319728   0.75
0.049342404000000006   0.75
0.049365079000000006   0.75
0.049387755   0.737533569325
0.049410431   0.5362701416
0.049433107000000004   0.34477233887500003
0.049455782000000004   0.1666259765625
0.049478457999999996   0.004653930664
0.049501134   -0.13786315918
0.04952381   -0.25939941407499995
0.049546485   -0.3579711914
0.049569160999999994   -0.432434082025
0.049591837   -0.48278808595
0.049614512   -0.5086517334
0.049637188   -0.51094055175
0.049659864000000005   -0.49140930174999997
0.04968254   -0.45082092284999997
0.049705215   -0.39291381835
0.049727890999999996   -0.31929016112499997
0.049750567   -0.23330688476499997
0.049773242999999995   -0.139083862305
0.049795918   -0.038986206055
0.049818594   0.061950683595
0.04984127   0.16082763672
0.049863946   0.25398254395
0.049886621   0.33683776855
0.049909297000000005   0.4076385498
0.049931973   0.461730957025
0.049954649000000004   0.49758911132499994
0.049977324000000004   0.5125427246
0.05   0.504837036125
0.050022675999999995   0.4734802246
0.050045350999999995   0.417785644525
0.050068027   0.33760070799999997
0.050090703   0.23399353027249997
0.050113379000000007   0.10726928711
0.050136054000000006   -0.0397491455075
0.05015873   -0.2056121826175
0.050181406   -0.38719177245
0.050204082000000004   -0.5810546875
0.050226757000000004   -0.75
0.050249432999999996   -0.75
0.050272109   -0.75
0.050294785   -0.75
0.05031746   -0.75
0.050340135999999994   -0.75
0.050362812   -0.75
0.050385488   -0.75
0.050408163   -0.75
0.050430839000000005   -0.75
0.050453515   -0.75
0.05047619   -0.75
0.050498865999999996   -0.75
0.050521542   -0.75
0.050544217999999995   -0.75
0.050566892999999995   -0.75
0.050589569   -0.75
0.050612245   -0.75
0.050634921   -0.75
0.050657596   -0.75
0.050680272   -0.75
0.050702948   -0.75
0.050725624000000004   -0.7341003418000001
0.050748299000000004   -0.43952941895
0.050770975   -0.137786865235
0.050793650999999995   0.16624450683500003
0.050816327   0.467453002925
0.050839002   0.75
0.050861678   0.75
0.05088435400000001   0.75
0.050907029000000006   0.75
0.050929705   0.75
0.050952381   0.75
0.050975057000000004   0.75
0.050997732000000004   0.75
0.051020407999999996   0.75
0.051043084   0.75
0.05106576   0.75
0.051088435   0.75
0.051111110999999994   0.75
0.051133787   0.75
0.051156463   0.75
0.051179138   0.75
0.051201814000000005   0.75
0.05122449   0.75
0.051247166   0.75
0.051269841   0.75
0.051292517   0.75
0.051315192999999995   0.75
0.051337867999999995   0.75
0.051360544   0.562591552725
0.05138322   0.36949157715000003
0.051405896   0.18928527832
0.051428571   0.02540588379
0.051451247   -0.1204681396475
0.051473923   -0.244216918945
0.051496599000000004   -0.3465270996
0.051519274000000004   -0.423736572275
0.05154195   -0.47775268555000006
0.051564625999999995   -0.5062866211
0.051587302   -0.5122375488249999
0.051609977   -0.49491882325000003
0.051632653   -0.457611083975
0.05165532900000001   -0.4013824463
0.051678005   -0.329895019525
0.05170068   -0.24520874023500003
0.051723356   -0.1520538330075
0.051746032000000004   -0.052490234375
0.051768707000000004   0.048599243165
0.051791382999999996   0.1480865478525
0.051814059   0.24192810058499997
0.051836735   0.32661437987499997
0.05185941   0.399093627925
0.051882085999999994   0.455398559575
0.051904762   0.494232177725
0.051927438   0.511550903325
